Puf1- 4a sun compass orientation
    2.5  97.3  30.0  69.1  11.0 1.0
NRM    306.7  15.9 304.4  25.0 1.19E-02 002.5 288.0  28.2 47.66288 18.10315 11.26537 hargrave 2016-04-08 17:32:12
LN2    306.1  16.2 303.7  25.3 1.18E-02 001.0 287.2  28.2 14.40851 10.48929 12.03187 hargrave 2016-04-11 17:54:41
TT 100 307.3  15.5 305.1  24.7 1.18E-02 000.8 288.8  28.2 8.739921 9.644212 11.81532 hargrave 2016-04-18 10:27:32
TT 200 306.8  15.0 304.6  24.2 1.20E-02 001.8 288.6  27.5 33.41363 14.48349 11.88844 hargrave 2016-04-18 17:40:34
TT 300 307.7  14.0 305.7  23.3 1.21E-02 001.1 290.0  27.1 15.85367 10.77660 12.85484 hargrave 2016-04-19 13:28:30
TT 350 307.2  14.3 305.1  23.6 1.18E-02 001.1 289.3  27.1 14.53240 11.89935 14.63605 hargrave 2016-04-25 13:13:14
TT 400 306.7  14.5 304.6  23.7 1.06E-02 001.1 288.8  27.0 11.08297 10.15536 13.21659 hargrave 2016-04-26 10:09:40
TT 450 307.8  13.7 305.8  23.0 9.27E-03 001.0 290.2  26.8 9.418902 7.643263 11.10133 hargrave 2016-04-26 17:40:00
TT 475 306.6  14.4 304.5  23.5 8.59E-03 001.7 288.7  26.9 21.27942 8.223484 10.73783 hargrave 2016-05-02 14:30:53
TT 500 305.6  14.8 303.4  23.8 8.13E-03 001.0 287.5  26.7 7.268381 7.593246 9.121277 hargrave 2016-05-02 20:54:56
TT 525 307.2  14.3 305.1  23.5 7.69E-03 002.0 289.3  27.1 24.22819 8.347381 9.989704 hargrave 2016-05-03 19:49:29
TT 550 306.8  14.2 304.8  23.4 7.20E-03 001.0 289.0  26.8 7.061491 6.901279 7.862686 hargrave 2016-05-12 15:28:40
TT 560 306.8  14.1 304.7  23.3 6.76E-03 001.3 289.0  26.7 12.08060 7.751410 6.932787 hargrave 2016-05-16 13:08:41
TT 570 306.8  14.3 304.7  23.5 6.39E-03 001.1 288.9  26.9 9.001978 5.593733 7.269944 hargrave 2016-05-16 19:09:31
TT 575 307.9  13.7 306.0  23.0 6.10E-03 001.0 290.4  26.9 6.639650 5.928278 6.687132 hargrave 2016-05-17 15:26:33 
TT 580 307.6  13.9 305.6  23.2 5.83E-03 001.2 289.9  27.0 8.642385 5.931318 6.921339 hargrave 2016-05-18 12:18:30
