Puf1- 8a sun compass orientation
    1.6  60.7  23.0  69.1  11.0 1.0
NRM    313.6  14.0 311.9  23.9 5.56E-03 001.1 339.4  35.8 4.646300 9.567164 3.689102 hargrave 2016-04-08 17:38:35
LN2    313.4  13.9 311.8  23.7 5.56E-03 000.8 339.2  35.7 4.198817 6.470480 3.662425 hargrave 2016-04-11 18:01:49
TT 100 315.6  13.2 314.1  23.3 5.51E-03 002.1 341.9  35.3 6.890855 18.79491 4.356567 hargrave 2016-04-18 10:32:47
TT 200 314.4  12.3 312.9  22.3 5.59E-03 002.3 340.6  34.2 8.495260 20.66401 4.485610 hargrave 2016-04-18 17:47:04
TT 300 313.6  11.6 312.2  21.5 5.66E-03 000.9 339.8  33.4 4.591711 6.207418 5.385127 hargrave 2016-04-19 13:34:12
TT 350 311.2  11.8 309.6  21.5 5.40E-03 001.5 337.0  33.3 6.526855 11.37456 5.356798 hargrave 2016-04-25 13:20:19
TT 400 313.5  11.8 312.1  21.6 4.57E-03 001.6 339.7  33.6 6.439283 11.09300 4.519135 hargrave 2016-04-26 10:17:38
TT 450 313.5  11.5 312.0  21.4 4.05E-03 001.1 339.7  33.3 4.225156 5.340929 4.037841 hargrave 2016-04-26 17:46:12
TT 475 312.9  11.5 311.4  21.3 3.89E-03 001.9 339.0  33.2 4.252207 11.75072 4.534341 hargrave 2016-05-02 14:38:52
TT 500 312.6  11.7 311.1  21.5 3.79E-03 001.1 338.7  33.4 3.974577 5.482975 3.050099 hargrave 2016-05-02 21:01:15
TT 525 314.4  11.9 313.0  21.9 3.64E-03 001.0 340.7  33.9 3.567250 4.738295 3.533504 hargrave 2016-05-03 19:56:38
TT 550 312.0  12.4 310.4  22.1 3.46E-03 001.0 337.8  34.0 3.240655 4.602148 2.901123 hargrave 2016-05-12 15:36:43
TT 560 314.5  11.8 313.0  21.7 3.30E-03 001.3 340.8  33.7 3.727081 5.962351 3.039653 hargrave 2016-05-16 13:14:55
TT 570 313.1  11.8 311.6  21.6 3.14E-03 001.0 339.2  33.6 3.157167 4.325971 2.717523 hargrave 2016-05-16 19:16:35
TT 575 315.2  11.5 313.8  21.5 2.99E-03 001.1 341.7  33.6 3.450519 4.338677 2.876233 hargrave 2016-05-17 15:32:51
TT 580 312.6  12.2 311.0  22.0 2.85E-03 001.1 338.5  33.9 2.475934 4.586937 2.774377 hargrave 2016-05-18 12:24:44
