Puf1- 3a sun compass orientation
    2.3 186.9   9.0  69.1  11.0 1.0
NRM    301.0  18.2 298.1  26.7 9.62E-03 003.7 203.2  09.9 24.64779 54.18214 15.90054 hargrave 2016-04-08 17:29:45
LN2    300.6  18.1 297.7  26.6 9.63E-03 004.1 202.9  09.8 27.01531 62.02509 15.75635 hargrave 2016-04-11 17:53:10
TT 100 299.7  17.7 296.8  26.0 9.64E-03 003.6 202.0  09.3 22.67254 53.03861 18.47738 hargrave 2016-04-18 10:25:34
TT 200 302.2  15.9 299.7  24.6 9.94E-03 001.5 204.5  07.8 5.198951 14.84313 21.38653 hargrave 2016-04-18 17:38:36
TT 300 301.2  15.5 298.7  24.0 9.94E-03 006.3 203.5  07.3 44.76258 95.69003 26.83018 hargrave 2016-04-19 13:27:16
TT 350 300.1  15.3 297.6  23.7 9.01E-03 001.4 202.5  07.0 6.080594 9.904380 20.03254 hargrave 2016-04-25 13:11:42
TT 400 300.5  15.1 298.0  23.6 7.65E-03 001.5 202.9  06.9 7.352076 11.71440 16.09630 hargrave 2016-04-26 10:08:08
TT 450 301.8  14.8 299.4  23.5 6.75E-03 001.5 204.2  06.6 6.518322 9.150538 14.18098 hargrave 2016-04-26 17:38:28
TT 475 300.6  14.9 298.1  23.4 6.45E-03 003.2 203.0  06.7 13.80025 29.05252 17.23308 hargrave 2016-05-02 14:29:22
TT 500 302.0  14.9 299.6  23.5 6.31E-03 001.6 204.4  06.7 5.971255 8.985493 14.23855 hargrave 2016-05-02 20:53:25
TT 525 302.7  14.7 300.4  23.4 6.03E-03 002.0 205.1  06.6 7.726920 13.32808 13.99186 hargrave 2016-05-03 19:46:14
TT 550 301.6  14.9 299.2  23.5 5.58E-03 002.9 204.0  06.7 11.21491 22.70689 12.07511 hargrave 2016-05-12 15:27:09
TT 560 300.6  15.0 298.1  23.4 5.25E-03 001.9 203.0  06.7 6.546200 12.69318 10.97651 hargrave 2016-05-16 13:06:18
TT 570 302.6  14.9 300.3  23.6 4.91E-03 003.4 205.0  06.7 12.10421 24.40928 10.13288 hargrave 2016-05-16 19:07:09
TT 575 302.7  14.9 300.4  23.7 4.64E-03 002.8 205.1  06.8 9.403841 18.67514 9.433642 hargrave 2016-05-17 15:24:10 
TT 580 302.3  14.8 299.9  23.5 4.42E-03 001.4 204.7  06.7 2.918514 4.258178 10.17786 hargrave 2016-05-18 12:16:58
