Puf1- 1a sun compass orientation
    2.4  13.7  11.0  69.1  11.0 1.0
NRM    306.3  21.3 303.3  30.4 9.25E-03 001.5 024.8  31.4 9.981908 16.75146 16.92986 hargrave 2016-04-08 17:26:38
LN2    306.3  21.6 303.3  30.7 9.24E-03 002.1 024.8  31.7 9.700705 25.18701 20.42259 hargrave 2016-04-11 17:50:04
TT 100 308.4  20.6 305.6  29.9 9.19E-03 002.3 027.0  30.5 11.79806 18.81782 29.75371 hargrave 2016-04-18 10:21:29
TT 200 308.7  18.8 306.2  28.2 9.48E-03 002.4 027.1  28.7 13.02296 32.73533 19.74950 hargrave 2016-04-18 17:36:04
TT 300 308.2  18.8 305.6  28.1 9.45E-03 002.3 026.5  28.7 11.37283 31.84958 20.02277 hargrave 2016-04-19 13:24:41
TT 350 305.7  18.3 303.1  27.4 8.46E-03 002.5 023.9  28.4 11.83338 29.39375 21.43612 hargrave 2016-04-25 13:08:35
TT 400 307.9  18.1 305.4  27.4 7.33E-03 001.9 026.2  28.1 12.88755 9.927884 18.50190 hargrave 2016-04-26 10:05:01
TT 450 307.7  17.9 305.2  27.2 6.59E-03 002.0 026.0  27.9 8.040782 12.72001 18.37004 hargrave 2016-04-26 17:34:31
TT 475 305.3  17.7 302.7  26.7 6.25E-03 002.4 023.4  27.9 7.367164 15.82866 19.67994 hargrave 2016-05-02 14:26:16
TT 500 306.4  18.0 303.9  27.1 6.12E-03 002.9 024.6  28.1 9.067344 25.93162 15.51172 hargrave 2016-05-02 20:50:18
TT 525 309.4  18.2 307.0  27.6 5.86E-03 001.7 027.9  28.0 8.217136 6.467840 14.29028 hargrave 2016-05-03 19:42:12
TT 550 305.8  17.9 303.2  27.0 5.46E-03 002.6 023.9  28.0 8.270335 20.36561 12.98574 hargrave 2016-05-12 15:23:57
TT 560 305.9  17.8 303.3  26.9 5.12E-03 002.0 024.0  27.9 6.658158 12.65902 11.99283 hargrave 2016-05-16 13:02:20
TT 570 306.6  17.9 304.0  27.1 4.79E-03 003.4 024.8  28.0 10.13784 24.88322 10.63126 hargrave 2016-05-16 19:02:23
TT 575 305.9  18.0 303.3  27.0 4.56E-03 003.2 024.0  28.1 7.275729 21.99389 10.66750 hargrave 2016-05-17 15:21:04 
TT 580 309.1  18.3 306.6  27.7 4.36E-03 001.9 027.5  28.1 7.726807 5.290512 10.93624 hargrave 2016-05-18 12:13:52
