GB19- 4a sun compass orientation
 254.45 338.1  41.0  20.7   9.5   1.0
NRM    296.7  37.4 297.6  46.8 2.58E-03 002.0 090.2  53.4 6.614918 5.092606 3.833975 hargrave 2016-09-01 11:25:29 
LTD    294.6  36.2 295.2  45.7 2.54E-03 002.3 086.9  54.1 8.256416 5.278088 3.876053 hargrave 2016-11-10 10:48:32 
TT 100 297.5  40.3 298.8  49.8 2.52E-03 005.1 095.0  54.5 21.01315 6.326229 4.426849 hargrave 2016-11-16 16:51:50 
TT 200 295.4  36.2 296.1  45.7 2.46E-03 002.2 087.5  53.6 6.946462 5.609768 3.732816 hargrave 2016-11-21 16:54:51 
TT 300 293.9  34.3 294.4  43.8 2.34E-03 002.2 083.8  53.4 6.099490 5.641927 3.563910 hargrave 2016-12-09 23:32:36 
TT 350 294.9  35.2 295.5  44.7 2.21E-03 002.5 085.8  53.3 6.191263 5.811724 4.749826 hargrave 2016-12-17 14:10:16 
TT 400 296.5  36.3 297.4  45.7 2.15E-03 002.2 088.5  52.9 5.048933 4.683240 4.559453 hargrave 2017-01-05 12:35:26 
TT 425 296.6  36.7 297.5  46.1 2.10E-03 002.6 089.1  53.1 7.424927 4.273541 4.509654 hargrave 2017-01-06 16:07:52 
TT 450 296.5  36.0 297.4  45.4 2.06E-03 002.1 088.1  52.7 4.625834 4.485150 4.000188 hargrave 2017-01-09 17:11:47 
TT 475 297.1  36.0 298.1  45.5 2.01E-03 002.3 088.7  52.4 5.921548 4.163258 3.408616 hargrave 2017-01-10 17:15:12 
TT 500 296.4  35.8 297.2  45.3 1.94E-03 002.5 087.8  52.7 5.953566 4.531500 3.982819 hargrave 2017-01-11 19:50:30 
TT 525 294.2  35.9 294.7  45.4 1.79E-03 002.5 086.2  54.2 5.713804 4.385281 3.665279 hargrave 2017-01-15 19:19:11 
TT 550 296.1  37.0 297.0  46.4 1.59E-03 002.5 089.2  53.6 5.037913 4.205042 2.815591 hargrave 2017-01-18 14:57:16 
TT 560 295.2  36.6 295.9  46.1 1.45E-03 002.6 088.0  54.0 4.999007 3.581845 2.603982 hargrave 2017-01-19 01:30:55 
TT 570 295.3  37.0 296.1  46.4 1.30E-03 002.4 088.5  54.1 4.083495 3.044170 2.296128 hargrave 2017-01-19 16:24:27 
TT 575 296.0  38.0 296.9  47.4 1.21E-03 002.5 090.5  54.2 3.809831 2.934511 2.297253 hargrave 2017-01-20 14:21:45 
TT 580 295.5  37.6 296.3  47.0 1.13E-03 002.6 089.5  54.3 3.348889 3.128164 2.318300 hargrave 2017-01-22 13:47:12 
TT 595 295.2  37.4 295.9  46.9 9.59E-04 003.0 089.0  54.4 4.132863 2.243337 1.905898 hargrave 2017-02-01 16:38:48 
TT 610 296.4  38.3 297.4  47.8 6.44E-04 002.4 091.3  54.1 1.885204 1.638344 1.282146 hargrave 2017-02-02 15:32:51 
TT 625 294.8  36.2 295.5  45.7 2.71E-04 004.9 087.1  54.0 2.217095 0.592507 0.470689 hargrave 2017-02-06 14:21:52 
TT 640 297.0  38.9 298.0  48.3 1.75E-04 004.0 092.4  54.1 1.123562 0.432021 0.268195 hargrave 2017-02-08 12:44:44 
TT 655 297.9  39.5 299.2  48.9 1.29E-04 003.0 094.0  53.8 0.566859 0.280263 0.221115 hargrave 2017-02-08 22:11:08 
TT 665 296.5  41.6 297.6  51.1 9.14E-05 002.5 096.2  55.8 0.320666 0.193070 0.152466 hargrave 2017-02-09 15:21:49 
TT 675 298.9  38.3 300.3  47.7 6.41E-05 003.0 093.1  52.5 0.277538 0.173517 0.091631 hargrave 2017-02-13 18:05:47 
TT 680 298.9  42.3 300.5  51.7 3.61E-05 005.0 098.9  54.5 0.297370 0.100112 0.050351 hargrave 2017-02-14 22:46:28 
