GB19- 8a sun compass orientation
 255.15  72.7  19.0  20.7   9.5   1.0
NRM    301.1  40.8 303.0  50.2 4.02E-03 001.5 302.6  53.4 7.676818 6.500604 3.864367 hargrave 2016-09-01 11:31:49 
LTD    300.1  40.4 301.8  49.7 3.98E-03 002.0 301.8  52.7 11.84903 7.278933 3.791120 hargrave 2016-11-10 10:56:03 
TT 100 303.7  39.1 305.9  48.3 3.96E-03 001.7 306.7  52.4 7.985811 8.523477 3.932017 hargrave 2016-11-16 17:00:32 
TT 200 303.3  37.9 305.4  47.1 3.84E-03 001.8 307.0  51.2 7.097742 9.051395 5.146344 hargrave 2016-11-21 17:02:38 
TT 300 301.0  36.8 302.6  46.1 3.66E-03 001.5 304.8  49.5 6.127376 6.696284 4.105657 hargrave 2016-12-09 23:38:47 
TT 350 301.5  36.6 303.2  45.9 3.43E-03 003.7 305.5  49.5 20.59859 9.432719 3.305640 hargrave 2016-12-17 14:18:27 
TT 400 297.3  37.8 298.4  47.2 3.37E-03 001.7 300.0  49.5 8.179912 7.271558 2.128689 hargrave 2017-01-05 12:42:20 
TT 425 300.3  37.5 301.9  46.9 3.27E-03 002.8 303.6  50.0 14.18034 7.959736 4.361694 hargrave 2017-01-06 16:14:08 
TT 450 298.4  38.0 299.7  47.4 3.23E-03 001.6 301.1  50.0 7.099487 6.354613 1.675830 hargrave 2017-01-09 17:18:07 
TT 475 299.9  37.5 301.4  46.8 3.18E-03 001.4 303.2  49.9 5.876279 6.137076 2.819629 hargrave 2017-01-10 17:23:59 
TT 500 300.2  37.3 301.7  46.6 3.08E-03 001.6 303.6  49.8 6.807008 6.414050 1.598509 hargrave 2017-01-11 19:55:35 
TT 525 298.5  36.5 299.7  45.9 2.91E-03 001.7 302.1  48.6 5.211005 6.784208 3.391621 hargrave 2017-01-15 19:25:21 
TT 550 299.5  36.3 300.8  45.7 2.68E-03 001.5 303.3  48.7 4.460619 5.467557 2.881259 hargrave 2017-01-18 15:03:41 
TT 560 298.7  36.5 300.0  45.9 2.55E-03 001.8 302.4  48.7 6.260953 4.925931 2.696736 hargrave 2017-01-19 01:37:11 
TT 570 301.3  35.8 302.9  45.1 2.36E-03 001.8 305.6  48.7 5.686061 4.578084 2.617426 hargrave 2017-01-19 16:30:40 
TT 575 299.3  36.6 300.6  46.0 2.23E-03 001.6 302.9  48.9 3.803784 4.561553 2.541887 hargrave 2017-01-20 14:29:30 
TT 580 297.0  37.1 298.0  46.6 2.10E-03 001.7 300.0  48.7 3.549727 4.572749 2.545167 hargrave 2017-01-22 13:54:19 
TT 595 300.1  36.2 301.6  45.6 1.64E-03 002.5 304.1  48.8 6.021448 3.825134 1.721908 hargrave 2017-02-01 16:45:55 
TT 610 298.5  36.7 299.7  46.1 9.94E-04 001.7 301.9  48.8 2.278628 1.896659 1.029157 hargrave 2017-02-02 15:39:55 
TT 625 299.3  37.4 300.7  46.7 2.82E-04 003.4 302.5  49.6 1.461280 0.812854 0.257144 hargrave 2017-02-06 14:26:57 
TT 640 295.9  38.1 296.8  47.6 2.07E-04 003.7 298.3  49.4 1.225612 0.502060 0.260120 hargrave 2017-02-08 12:50:26 
TT 655 301.5  37.3 303.3  46.6 1.54E-04 002.4 305.2  50.2 0.556661 0.335269 0.142838 hargrave 2017-02-08 22:16:29 
TT 665 296.7  39.2 297.8  48.6 1.16E-04 002.7 298.6  50.6 0.498872 0.219376 0.123947 hargrave 2017-02-09 15:28:07 
TT 675 299.6  40.1 301.2  49.5 7.97E-05 005.7 301.4  52.3 0.722785 0.309918 0.143968 hargrave 2017-02-13 18:12:32 
TT 680 304.5  40.8 307.0  50.0 4.61E-05 004.3 306.7  54.2 0.306399 0.139454 0.091255 hargrave 2017-02-14 22:53:12 
