GB19- 1a sun compass orientation
  253.9 226.4   8.0  20.7   9.5   1.0
NRM    298.8  35.4 300.1  44.8 7.43E-03 003.4 163.9  27.8 9.085432 37.75618 21.87290 hargrave 2016-09-01 11:19:57 
LTD    298.9  35.8 300.1  45.2 7.35E-03 002.3 163.9  28.1 11.50567 25.69843 9.615868 hargrave 2016-11-10 10:40:56 
TT 100 307.1  36.2 309.6  45.3 7.28E-03 008.8 171.5  28.3 22.17972 110.3510 10.88123 hargrave 2016-11-16 16:46:26 
TT 200 298.5  35.1 299.7  44.5 7.27E-03 001.7 163.6  27.4 11.16672 16.51658 8.944124 hargrave 2016-11-21 16:47:05 
TT 300 300.3  35.0 301.7  44.3 7.07E-03 003.8 165.2  27.3 13.49743 44.57040 9.267518 hargrave 2016-12-09 23:25:33 
TT 350 305.7  35.2 307.9  44.3 6.71E-03 007.2 170.2  27.3 17.76468 82.01757 11.89690 hargrave 2016-12-17 14:05:44 
TT 400 299.2  34.6 300.4  44.0 6.64E-03 001.7 164.1  26.9 9.095893 9.513344 14.45725 hargrave 2017-01-05 12:28:44 
TT 425 297.0  34.4 298.0  43.9 6.53E-03 002.1 162.2  26.8 10.34431 12.11993 18.51762 hargrave 2017-01-06 16:01:23 
TT 450 298.6  34.7 299.7  44.1 6.48E-03 002.3 163.6  27.0 13.21781 18.30326 14.44190 hargrave 2017-01-09 17:05:21 
TT 475 299.1  34.6 300.3  44.0 6.40E-03 002.3 164.0  27.0 14.08340 9.212374 20.21363 hargrave 2017-01-10 17:08:31 
TT 500 298.6  34.8 299.7  44.1 6.27E-03 002.3 163.6  27.1 7.808225 16.28224 17.74897 hargrave 2017-01-11 19:44:33 
TT 525 295.5  35.0 296.2  44.5 6.04E-03 002.8 160.8  27.5 14.69035 24.43019 10.40969 hargrave 2017-01-15 19:12:04 
TT 550 299.6  35.1 300.9  44.4 5.63E-03 001.4 164.6  27.4 7.929141 8.865864 7.656439 hargrave 2017-01-18 14:49:45 
TT 560 300.4  35.5 301.9  44.8 5.30E-03 001.6 165.3  27.8 6.588091 9.644925 9.227391 hargrave 2017-01-19 01:22:51 
TT 570 299.7  35.2 301.0  44.6 4.96E-03 001.8 164.6  27.5 7.093355 12.10677 6.937641 hargrave 2017-01-19 16:16:56 
TT 575 302.1  35.3 303.8  44.6 4.70E-03 002.8 166.8  27.6 7.518079 21.14643 6.609977 hargrave 2017-01-20 14:13:56 
TT 580 296.9  35.1 297.9  44.6 4.42E-03 001.7 162.1  27.5 7.796858 8.212151 7.513438 hargrave 2017-01-22 13:40:03 
TT 595 299.5  35.2 300.8  44.6 4.06E-03 002.6 164.5  27.5 6.613366 16.03248 5.991450 hargrave 2017-02-01 16:30:22 
TT 610 298.0  35.1 299.0  44.5 2.42E-03 001.3 163.0  27.5 3.216997 3.400504 3.424121 hargrave 2017-02-02 15:25:21 
TT 625 297.0  35.8 297.9  45.2 4.76E-04 002.1 162.2  28.2 0.787136 1.523371 0.568200 hargrave 2017-02-06 14:15:35 
TT 640 296.8  35.9 297.8  45.3 2.60E-04 001.7 162.0  28.3 0.385419 0.631537 0.346782 hargrave 2017-02-08 12:38:35 
TT 655 295.9  36.5 296.7  45.9 1.85E-04 001.2 161.2  28.9 0.273058 0.180781 0.225144 hargrave 2017-02-08 22:05:36 
TT 665 299.0  36.0 300.2  45.4 1.39E-04 002.7 164.0  28.4 0.274734 0.557792 0.195462 hargrave 2017-02-09 15:16:02 
TT 675 294.0  35.4 294.5  44.9 1.18E-04 002.9 159.4  28.0 0.224374 0.538384 0.181726 hargrave 2017-02-13 17:59:04 
TT 680 306.7  36.6 309.1  45.7 6.44E-05 008.3 171.1  28.7 0.134872 0.921289 0.093879 hargrave 2017-02-14 22:40:45 
