GB1- 7a mag compass orientation (IGRF corrected)
    2.4 185.5  63.0  22.2   9.5   1.0
NRM    299.9  43.7 301.5  53.1 2.93E-03 001.9 198.1 -15.8 2.336800 5.193908 7.931033 hargrave 2016-08-17 16:27:01 
NRM    300.2  43.6 301.9  53.0 2.93E-03 001.8 198.3 -15.8 2.569208 4.116704 7.907559 hargrave 2016-08-17 19:19:40 
LN2    304.4  41.2 306.7  50.5 2.90E-03 005.4 202.3 -16.7 7.391985 24.06786 10.76224 hargrave 2016-08-19 18:09:36 
TT 100 302.3  42.4 304.3  51.7 2.91E-03 001.9 200.3 -16.3 2.513014 5.349225 7.938620 hargrave 2016-08-26 13:30:15 
TT 200 302.9  41.1 304.9  50.4 2.90E-03 002.2 201.3 -17.3 2.304669 6.937901 8.365183 hargrave 2016-08-31 17:31:56 
TT 300 300.5  41.7 302.1  51.1 2.87E-03 002.5 199.3 -17.5 2.784668 9.029226 8.352264 hargrave 2016-09-01 15:02:56 
TT 350 301.8  41.0 303.6  50.4 2.75E-03 002.6 200.5 -17.8 2.883814 9.331562 7.707879 hargrave 2016-09-02 14:25:15 
TT 400 300.4  41.1 301.9  50.4 2.56E-03 001.4 199.5 -18.2 3.170505 3.918295 3.803577 hargrave 2016-09-08 10:29:57 
TT 425 299.4  41.2 300.8  50.6 2.43E-03 001.8 198.8 -18.3 3.552293 5.562271 3.909114 hargrave 2016-09-08 16:39:38 
TT 450 300.7  40.6 302.3  50.0 2.28E-03 003.1 200.0 -18.4 5.357157 10.83105 3.503159 hargrave 2016-09-12 10:26:41 
TT 475 302.8  39.7 304.6  49.1 2.14E-03 001.0 201.8 -18.6 1.697416 1.978987 2.584708 hargrave 2016-09-12 21:12:57 
TT 500 302.8  39.8 304.7  49.1 2.01E-03 001.2 201.8 -18.5 2.174470 2.396078 3.013576 hargrave 2016-09-15 11:11:44 
TT 525 301.3  40.5 302.9  49.8 1.85E-03 002.8 200.4 -18.4 3.518322 8.007292 2.313033 hargrave 2016-09-19 17:23:39 
TT 550 300.3  40.6 301.8  50.0 1.60E-03 002.8 199.6 -18.5 3.517498 6.621530 2.657530 hargrave 2016-09-22 16:24:41 
TT 560 301.5  40.2 303.2  49.6 1.45E-03 004.2 200.7 -18.5 4.660813 9.319334 2.321696 hargrave 2016-09-29 10:01:16 
TT 570 301.5  40.3 303.1  49.7 1.28E-03 003.9 200.6 -18.5 3.265512 7.959801 1.530636 hargrave 2016-10-03 17:04:03 
TT 575 302.4  40.2 304.2  49.6 1.18E-03 002.0 201.3 -18.3 1.970907 3.048843 1.870829 hargrave 2016-10-08 13:39:02 
TT 580 301.1  40.4 302.7  49.7 1.06E-03 002.6 200.3 -18.6 1.962376 4.197645 1.315920 hargrave 2016-10-20 11:38:49 
TT 595 303.7  39.8 305.7  49.1 7.83E-04 001.5 202.5 -18.2 0.928069 1.709418 0.750104 hargrave 2016-10-24 23:43:02 
TT 610 299.0  41.3 300.2  50.7 4.13E-04 003.9 198.4 -18.3 1.056925 2.541112 0.499111 hargrave 2016-11-07 10:02:59 
TT 625 300.2  39.8 301.6  49.2 2.70E-04 002.0 199.9 -19.4 0.372400 0.801349 0.290201 hargrave 2016-11-08 11:26:31 
TT 640 301.5  39.0 303.1  48.3 1.96E-04 001.8 201.2 -19.7 0.248163 0.534194 0.172105 hargrave 2016-11-09 10:24:26 
TT 655 300.9  39.8 302.4  49.2 1.66E-04 001.2 200.4 -19.2 0.153311 0.255357 0.215203 hargrave 2016-11-10 11:10:01 
TT 665 298.9  39.3 300.0  48.7 1.03E-04 001.2 199.1 -20.2 0.083236 0.178878 0.103182 hargrave 2016-11-11 12:05:54 
TT 675 302.3  40.4 304.2  49.7 7.48E-05 000.9 201.2 -18.2 0.060952 0.100671 0.056212 hargrave 2016-11-14 19:30:37 
TT 680 303.0  41.5 305.0  50.8 1.93E-05 001.6 201.2 -17.0 0.041029 0.043051 0.019114 hargrave 2016-11-15 18:18:22 
