GB1- 8a mag compass orientation (IGRF corrected)
    2.5 200.5  80.0  22.2   9.5   1.0
NRM    308.6  42.8 311.8  51.9 2.14E-03 002.2 196.1 -34.7 4.580861 2.978287 6.389404 hargrave 2016-08-17 16:28:49 
NRM    308.6  42.8 311.7  51.9 2.15E-03 002.2 196.0 -34.6 4.540538 3.010181 6.394751 hargrave 2016-08-17 19:21:28 
LN2    306.4  43.4 309.2  52.6 2.12E-03 002.5 194.0 -34.7 5.494565 3.372449 6.611710 hargrave 2016-08-19 18:11:24 
TT 100 308.1  42.3 311.1  51.3 2.11E-03 002.2 195.9 -35.3 4.196576 3.008950 6.311448 hargrave 2016-08-26 13:32:04 
TT 200 309.2  40.7 312.3  49.8 2.09E-03 002.5 197.6 -36.4 5.343578 3.990522 6.354584 hargrave 2016-08-31 17:34:19 
TT 300 307.8  40.9 310.6  50.0 2.02E-03 002.1 196.2 -36.7 3.570801 3.380248 5.971327 hargrave 2016-09-01 15:04:29 
TT 350 307.0  40.9 309.7  50.0 1.94E-03 002.2 195.6 -36.9 4.193019 2.573997 5.562682 hargrave 2016-09-02 14:26:48 
TT 400 305.8  40.8 308.3  50.0 1.81E-03 001.1 194.5 -37.2 1.920199 2.544762 1.983080 hargrave 2016-09-08 10:31:10 
TT 425 312.6  38.7 315.9  47.5 1.72E-03 004.2 201.6 -37.2 5.075880 11.41462 1.592000 hargrave 2016-09-08 16:40:56 
TT 450 308.6  40.0 311.4  49.0 1.62E-03 002.0 197.4 -37.3 2.460880 4.991805 1.543720 hargrave 2016-09-12 10:28:29 
TT 475 307.4  40.1 310.1  49.2 1.53E-03 001.0 196.3 -37.5 1.584114 2.110500 1.473236 hargrave 2016-09-12 21:14:48 
TT 500 308.1  40.0 310.8  49.1 1.45E-03 001.3 196.9 -37.4 1.759924 2.536998 1.477187 hargrave 2016-09-15 11:13:17 
TT 525 307.7  40.1 310.4  49.2 1.32E-03 001.8 196.6 -37.5 1.591041 3.720028 1.386795 hargrave 2016-09-19 17:25:10 
TT 550 306.8  40.3 309.4  49.4 1.15E-03 002.3 195.6 -37.5 2.041098 3.961773 1.386377 hargrave 2016-09-22 16:26:17 
TT 560 306.1  40.3 308.6  49.5 1.05E-03 001.2 195.0 -37.6 1.355740 1.288807 1.270668 hargrave 2016-09-29 10:02:53 
TT 570 308.2  39.7 310.9  48.8 9.27E-04 002.6 197.1 -37.6 1.353271 3.991943 0.922761 hargrave 2016-10-03 17:05:56 
TT 575 309.3  39.4 312.3  48.4 8.46E-04 001.4 198.4 -37.6 1.119505 1.447350 0.945184 hargrave 2016-10-08 13:40:40 
TT 580 310.0  38.8 313.0  47.8 7.69E-04 001.2 199.2 -37.9 1.094852 1.198502 0.651157 hargrave 2016-10-20 11:40:40 
TT 595 308.6  39.5 311.4  48.5 5.65E-04 001.5 197.6 -37.7 0.697067 1.268672 0.507985 hargrave 2016-10-24 23:44:35 
TT 610 306.9  41.2 309.6  50.4 3.28E-04 002.9 195.3 -36.6 0.627364 1.538170 0.226613 hargrave 2016-11-07 10:04:46 
TT 625 307.2  39.9 309.8  49.0 2.13E-04 001.1 196.2 -37.7 0.268958 0.318926 0.154857 hargrave 2016-11-08 11:28:18 
TT 640 304.7  40.4 306.9  49.6 1.52E-04 001.7 193.7 -37.9 0.196891 0.423029 0.157861 hargrave 2016-11-09 10:26:16 
TT 655 304.9  40.9 307.3  50.1 1.41E-04 002.5 193.7 -37.4 0.195030 0.575061 0.107012 hargrave 2016-11-10 11:11:36 
TT 665 306.5  39.0 308.9  48.1 9.10E-05 001.8 196.0 -38.8 0.168913 0.232155 0.074267 hargrave 2016-11-11 12:07:41 
TT 675 308.5  40.7 311.5  49.8 6.80E-05 001.1 197.0 -36.6 0.098478 0.101636 0.052323 hargrave 2016-11-14 19:32:25 
TT 680 304.9  47.4 307.9  56.6 1.33E-05 001.5 191.4 -31.2 0.020966 0.031632 0.012048 hargrave 2016-11-15 18:20:09 
