GB1- 2a mag compass orientation (IGRF corrected)
   0.75  28.5  32.0  22.2   9.5   1.0
NRM    300.7  41.0 302.2  50.3 4.25E-03 002.2 005.6  72.9 13.66119 8.326151 4.281721 hargrave 2016-08-17 16:18:04 
NRM    300.5  40.9 302.1  50.2 4.26E-03 002.1 005.2  72.8 12.97608 8.258191 4.638039 hargrave 2016-08-17 19:10:45 
LN2    300.9  40.8 302.5  50.2 4.23E-03 002.4 006.2  72.8 14.77697 9.430819 4.537743 hargrave 2016-08-19 18:00:39 
TT 100 300.9  40.7 302.5  50.1 4.22E-03 002.0 006.1  72.7 10.00210 9.397025 5.442802 hargrave 2016-08-26 13:20:29 
TT 200 300.5  39.0 302.0  48.4 4.13E-03 001.7 004.8  71.0 9.539663 6.931694 4.495520 hargrave 2016-08-31 17:23:11 
TT 300 299.8  38.3 301.1  47.7 3.98E-03 001.9 003.1  70.3 10.20218 7.300862 4.793056 hargrave 2016-09-01 14:53:20 
TT 350 300.8  37.9 302.3  47.3 3.72E-03 001.9 005.4  69.8 9.117190 7.288461 4.668404 hargrave 2016-09-02 14:16:27 
TT 400 299.6  37.8 300.8  47.2 3.35E-03 001.7 002.6  69.8 7.341539 6.925388 1.884527 hargrave 2016-09-08 10:22:52 
TT 425 299.8  37.9 301.0  47.3 3.19E-03 002.0 002.9  69.9 8.056157 7.367643 2.232112 hargrave 2016-09-08 16:31:34 
TT 450 299.4  38.2 300.6  47.6 2.97E-03 002.1 002.0  70.1 6.636075 8.290069 2.436491 hargrave 2016-09-12 10:17:43 
TT 475 299.2  37.9 300.3  47.4 2.79E-03 001.9 001.6  69.9 5.306344 7.558057 2.340885 hargrave 2016-09-12 21:02:56 
TT 500 300.6  38.2 302.0  47.6 2.64E-03 001.9 004.8  70.1 5.837584 6.304723 1.720119 hargrave 2016-09-15 11:03:46 
TT 525 299.6  38.1 300.8  47.5 2.46E-03 001.9 002.6  70.1 5.054070 6.345159 1.615553 hargrave 2016-09-19 17:15:35 
TT 550 299.2  37.7 300.4  47.2 2.18E-03 002.5 001.7  69.7 5.492253 7.613903 1.487862 hargrave 2016-09-22 16:16:43 
TT 560 299.1  38.5 300.3  47.9 1.85E-03 002.3 001.5  70.4 5.062887 5.105718 1.875402 hargrave 2016-09-29 09:52:18 
TT 570 298.8  38.0 299.9  47.5 1.77E-03 002.1 000.7  70.0 3.454475 5.579726 1.482367 hargrave 2016-10-03 16:54:16 
TT 575 300.9  38.2 302.4  47.5 1.66E-03 002.0 005.7  70.1 4.077613 4.192536 0.942715 hargrave 2016-10-08 13:30:42 
TT 580 300.1  38.2 301.4  47.6 1.53E-03 001.7 003.7  70.2 2.950624 3.452278 1.159924 hargrave 2016-10-20 11:29:36 
TT 595 300.1  38.0 301.4  47.4 1.23E-03 002.6 003.6  70.0 2.392328 5.187307 1.038891 hargrave 2016-10-24 23:35:09 
TT 610 298.9  37.7 300.0  47.2 7.85E-04 001.7 001.0  69.7 1.713334 1.626396 0.395512 hargrave 2016-11-07 09:54:00 
TT 625 299.1  38.5 300.3  47.9 4.43E-04 001.8 001.5  70.5 0.831866 1.174281 0.313964 hargrave 2016-11-08 11:17:38 
TT 640 298.5  37.2 299.5  46.6 2.79E-04 001.8 360.0  69.2 0.549645 0.701925 0.289822 hargrave 2016-11-09 10:14:25 
TT 655 299.4  36.1 300.5  45.6 1.85E-04 001.7 001.9  68.1 0.380397 0.372985 0.143917 hargrave 2016-11-10 10:59:44 
TT 665 301.4  38.2 303.0  47.5 1.31E-04 002.0 006.8  70.1 0.226659 0.395821 0.121500 hargrave 2016-11-11 11:56:49 
TT 675 296.6  38.2 297.4  47.6 6.55E-05 002.1 355.7  70.1 0.118099 0.215189 0.050351 hargrave 2016-11-14 19:21:45 
TT 680 303.7  45.7 306.2  55.0 2.70E-05 001.8 016.7  77.3 0.052034 0.070455 0.033404 hargrave 2016-11-15 18:08:40 
