GB1- 3a mag compass orientation (IGRF corrected)
   0.75  38.5  30.0  22.2   9.5   1.0
NRM    295.6  44.1 296.3  53.6 4.22E-03 002.8 328.2  72.3 18.40647 8.597132 4.686861 hargrave 2016-08-17 16:19:45 
NRM    294.8  44.2 295.3  53.6 4.22E-03 003.1 326.2  72.1 19.68786 10.66502 4.992040 hargrave 2016-08-17 19:12:24 
LN2    296.3  44.0 297.1  53.5 4.22E-03 002.8 329.7  72.4 18.25064 8.420016 5.322160 hargrave 2016-08-19 18:02:20 
TT 100 296.1  43.9 296.9  53.3 4.19E-03 002.2 329.5  72.2 13.49434 7.713453 5.758670 hargrave 2016-08-26 13:22:09 
TT 200 295.5  42.3 296.1  51.8 4.12E-03 002.4 329.9  70.6 14.98936 8.246284 5.069933 hargrave 2016-08-31 17:24:46 
TT 300 294.8  41.8 295.3  51.2 3.94E-03 002.6 329.1  69.9 15.65415 7.360158 5.164624 hargrave 2016-09-01 14:54:56 
TT 350 295.2  41.3 295.8  50.8 3.68E-03 002.7 330.3  69.6 14.72313 8.922279 4.934517 hargrave 2016-09-02 14:18:55 
TT 400 295.1  41.0 295.6  50.5 3.33E-03 001.6 330.3  69.3 6.376310 7.209487 1.871125 hargrave 2016-09-08 10:24:09 
TT 425 294.4  41.0 294.8  50.5 3.16E-03 001.6 328.9  69.1 6.367065 6.303423 2.132449 hargrave 2016-09-08 16:32:52 
TT 450 296.9  40.7 297.8  50.1 2.94E-03 001.6 334.4  69.4 6.201072 5.897980 2.232617 hargrave 2016-09-12 10:19:22 
TT 475 296.3  40.4 297.1  49.9 2.76E-03 001.9 333.3  69.0 5.519587 7.860033 2.217737 hargrave 2016-09-12 21:04:38 
TT 500 295.3  40.9 295.9  50.4 2.62E-03 001.5 330.9  69.2 4.994787 5.202061 2.138533 hargrave 2016-09-15 11:05:21 
TT 525 296.0  40.5 296.7  50.0 2.44E-03 001.6 332.6  69.0 5.360140 4.845271 2.453264 hargrave 2016-09-19 17:17:15 
TT 550 295.0  41.2 295.5  50.6 2.19E-03 001.9 330.0  69.4 4.803555 5.508428 1.731756 hargrave 2016-09-22 16:18:22 
TT 560 294.4  40.9 294.8  50.4 1.90E-03 001.8 329.2  69.0 4.123638 4.507234 1.415774 hargrave 2016-09-29 09:53:54 
TT 570 293.2  41.1 293.4  50.5 1.81E-03 001.7 326.5  68.8 3.857248 4.078687 1.790354 hargrave 2016-10-03 16:56:47 
TT 575 296.2  40.6 297.0  50.1 1.72E-03 001.7 333.0  69.2 3.353215 3.960555 1.649488 hargrave 2016-10-08 13:32:18 
TT 580 296.6  40.5 297.3  50.0 1.59E-03 001.9 333.7  69.2 2.871715 4.594046 0.980486 hargrave 2016-10-20 11:31:19 
TT 595 295.8  40.2 296.5  49.7 1.28E-03 001.8 332.5  68.7 2.932244 2.717897 1.216368 hargrave 2016-10-24 23:36:43 
TT 610 294.7  40.6 295.2  50.1 7.52E-04 001.8 330.0  68.8 1.643754 1.741445 0.330391 hargrave 2016-11-07 09:55:39 
TT 625 295.5  41.2 296.2  50.6 4.70E-04 001.5 331.1  69.5 0.884283 0.887177 0.309445 hargrave 2016-11-08 11:19:17 
TT 640 294.3  39.7 294.7  49.2 2.80E-04 001.5 330.0  67.9 0.551869 0.514059 0.266091 hargrave 2016-11-09 10:16:07 
TT 655 294.2  40.5 294.6  50.0 2.20E-04 001.8 329.1  68.6 0.464951 0.537152 0.114464 hargrave 2016-11-10 11:01:22 
TT 665 295.1  38.5 295.6  48.0 1.58E-04 001.6 332.5  66.9 0.338185 0.302952 0.125177 hargrave 2016-11-11 11:58:29 
TT 675 293.8  42.9 294.2  52.4 9.56E-05 001.7 325.9  70.7 0.219890 0.190774 0.058224 hargrave 2016-11-14 19:23:24 
TT 680 293.5  45.5 293.7  55.0 3.56E-05 001.8 321.6  73.0 0.086814 0.076979 0.038759 hargrave 2016-11-15 18:10:19 
