AP1- 7a sun compass orientation
    4.4 320.6  52.0  70.3  13.0 1.0
NRM    123.6 -58.5 105.0 -67.7 6.18E-02 001.6 319.1 -40.2 151.2149 81.40935 62.78936 hargrave 2016-04-08 16:23:24
LN2    124.4 -57.6 106.8 -67.0 5.81E-02 002.2 318.1 -39.6 180.6204 144.8293 38.75236 hargrave 2016-04-11 16:41:07
TT 100 124.2 -59.6 104.7 -68.8 5.80E-02 001.5 320.7 -40.1 129.0752 80.77437 57.21519 hargrave 2016-04-18 09:26:57
TT 200 124.5 -59.7 105.0 -68.9 5.92E-02 001.5 320.8 -39.9 127.6523 80.21211 63.26106 hargrave 2016-04-18 16:42:22
TT 300 124.7 -59.8 105.1 -69.1 5.70E-02 002.4 321.0 -39.9 186.9111 146.9083 50.26975 hargrave 2016-04-19 12:29:36
TT 350 124.8 -59.5 105.6 -68.9 4.94E-02 001.9 320.6 -39.7 132.7094 75.70237 79.26052 hargrave 2016-04-25 12:05:41
TT 400 124.9 -59.9 105.4 -69.2 4.49E-02 001.6 321.1 -39.7 99.28129 56.93304 66.10146 hargrave 2016-04-26 09:00:56
TT 450 125.0 -60.0 105.4 -69.3 3.99E-02 003.0 321.2 -39.7 160.3207 121.3760 60.89635 hargrave 2016-04-26 16:30:46
TT 475 125.4 -59.7 106.3 -69.1 3.63E-02 001.4 320.9 -39.5 59.48077 58.98116 34.81669 hargrave 2016-05-02 13:24:09
TT 500 125.7 -61.6 104.5 -71.0 3.28E-02 001.4 323.4 -39.6 60.33026 38.65487 46.22182 hargrave 2016-05-02 19:47:10
TT 525 125.1 -59.9 105.6 -69.3 2.69E-02 001.4 321.1 -39.6 50.95266 30.85400 32.37560 hargrave 2016-05-03 18:40:10
TT 550 124.5 -59.9 104.9 -69.1 1.74E-02 001.5 321.0 -39.9 31.33505 25.03097 26.78314 hargrave 2016-05-12 14:20:37
TT 560 124.0 -58.9 105.2 -68.1 1.13E-02 001.8 319.7 -40.0 27.79575 15.89798 16.83837 hargrave 2016-05-16 12:01:28
TT 570 124.4 -59.2 105.4 -68.5 7.78E-03 002.4 320.2 -39.9 26.20705 17.91303 11.58244 hargrave 2016-05-16 18:01:59
TT 575 125.4 -60.9 105.0 -70.3 5.99E-03 001.6 322.5 -39.7 13.75230 7.312632 9.118498 hargrave 2016-05-17 14:19:57 
TT 580 125.1 -60.7 104.7 -70.0 5.05E-03 001.4 322.2 -39.8 9.459823 5.931314 6.879639 hargrave 2016-05-18 11:12:02
