AP1- 3a sun compass orientation
    0.4 307.1  20.0  70.3  13.0 1.0
NRM    128.4 -65.8 102.0 -75.3 2.15E-02 002.4 308.1 -58.7 84.05643 30.82446 23.96824 hargrave 2016-04-08 16:17:08
LN2    129.9 -66.5 102.9 -76.1 2.09E-02 002.0 309.8 -58.8 67.44517 25.59547 23.06503 hargrave 2016-04-11 16:34:53
TT 100 129.4 -66.4 102.3 -76.0 2.11E-02 002.7 309.4 -58.8 89.44742 36.44025 22.02414 hargrave 2016-04-18 09:21:55
TT 200 131.1 -67.5 102.4 -77.3 2.17E-02 001.9 311.8 -59.2 63.76939 26.83851 23.92661 hargrave 2016-04-18 16:37:20
TT 300 132.0 -68.5 101.5 -78.3 1.94E-02 002.6 313.6 -59.7 80.98110 27.74687 24.44026 hargrave 2016-04-19 12:24:35
TT 350 132.1 -68.5 101.6 -78.3 1.36E-02 002.2 313.7 -59.7 45.27618 21.72186 19.10983 hargrave 2016-04-25 11:59:25
TT 400 132.4 -68.9 101.0 -78.7 1.21E-02 003.5 314.4 -59.9 62.96027 39.57362 15.30397 hargrave 2016-04-26 08:54:39
TT 450 131.2 -68.2 100.9 -77.9 1.10E-02 002.5 312.8 -59.7 41.06875 23.09419 13.50944 hargrave 2016-04-26 16:23:34
TT 475 133.6 -69.6 100.8 -79.6 1.02E-02 001.6 316.0 -60.2 17.61658 21.08571 10.56786 hargrave 2016-05-02 13:17:50
TT 500 133.8 -69.4 101.9 -79.4 9.42E-03 001.9 315.7 -59.9 27.56088 13.43872 13.08757 hargrave 2016-05-02 19:40:49
TT 525 134.5 -69.7 102.0 -79.8 8.43E-03 001.6 316.6 -60.0 17.11646 15.34102 9.687168 hargrave 2016-05-03 18:33:51
TT 550 133.6 -69.5 101.2 -79.4 7.07E-03 002.0 315.8 -60.1 21.90772 10.49766 9.491224 hargrave 2016-05-12 14:14:20
TT 560 133.9 -69.5 101.8 -79.5 5.97E-03 002.0 315.9 -60.0 17.68149 8.729097 8.309569 hargrave 2016-05-16 11:55:07
TT 570 132.6 -69.1 100.7 -78.9 5.02E-03 002.8 314.8 -60.0 21.26255 11.10024 6.468016 hargrave 2016-05-16 17:55:43
TT 575 133.3 -69.2 101.6 -79.2 4.36E-03 002.8 315.3 -59.9 18.89371 10.13593 5.675671 hargrave 2016-05-17 14:12:51 
TT 580 135.0 -70.0 102.0 -80.1 3.96E-03 002.1 317.1 -60.1 13.27278 6.178098 4.788007 hargrave 2016-05-18 11:05:45
