GB12- 4a sun compass orientation
  233.8  72.9  10.0  20.7   9.5   1.0
NRM    186.0  46.0 177.2  42.9 1.98E-03 002.7 199.9  36.7 5.701967 4.006991 6.429486 hargrave 2016-09-01 09:48:21 
LN2    185.3  45.7 176.6  42.5 1.89E-03 001.4 199.3  36.4 2.588780 3.633848 2.219148 hargrave 2016-09-04 17:19:15 
TT 100 185.3  45.6 176.6  42.4 1.89E-03 001.4 199.3  36.3 2.504754 3.458983 1.864485 hargrave 2016-09-08 13:29:05 
TT 200 184.0  45.1 175.6  41.7 1.88E-03 001.1 198.2  35.7 2.416360 2.648356 1.832689 hargrave 2016-09-12 15:01:31 
TT 300 162.6  10.0 161.7  04.1 1.39E-03 041.4 179.7  00.0 2.144154 48.74941 112.3020 hargrave 2016-09-13 15:03:24 
TT 300 186.8  44.7 178.3  41.7 1.81E-03 001.4 200.7  35.4 3.110382 2.892515 2.544437 hargrave 2016-09-14 13:25:20 
TT 350 187.0  44.5 178.6  41.5 1.75E-03 001.5 200.9  35.2 3.155947 3.543940 2.096229 hargrave 2016-09-26 17:45:29 
TT 400 186.5  44.6 178.0  41.6 1.66E-03 001.6 200.4  35.3 2.548184 2.695066 2.909146 hargrave 2016-10-06 20:54:56 
TT 425 185.0  44.5 176.7  41.3 1.63E-03 002.5 199.2  35.2 3.688867 5.841895 2.201057 hargrave 2016-10-24 10:42:37 
TT 450 186.3  44.3 177.9  41.3 1.60E-03 002.7 200.3  35.1 2.125982 7.079400 2.218778 hargrave 2016-10-28 12:16:09 
TT 475 183.0  44.4 174.8  40.9 1.55E-03 001.8 197.4  35.0 2.879167 3.283817 2.317009 hargrave 2016-11-03 12:47:39 
TT 500 185.7  44.0 177.4  40.9 1.51E-03 001.5 199.8  34.7 2.574496 2.423877 2.063131 hargrave 2016-11-08 13:13:10 
TT 525 183.9  44.0 175.8  40.6 1.48E-03 001.5 198.3  34.6 1.614433 2.966873 2.068148 hargrave 2016-11-08 20:39:43 
TT 550 186.8  43.6 178.6  40.7 1.41E-03 001.8 200.8  34.4 1.545142 3.826863 1.935096 hargrave 2016-11-09 15:57:45 
TT 560 187.7  43.4 179.5  40.6 1.36E-03 002.4 201.6  34.2 1.621221 5.035553 2.691976 hargrave 2016-11-13 22:12:51 
TT 570 185.2  43.3 177.2  40.1 1.32E-03 001.1 199.4  34.0 1.277004 1.776895 1.575697 hargrave 2016-11-15 09:33:35 
TT 575 187.3  43.0 179.3  40.2 1.30E-03 001.6 201.4  33.8 2.146220 2.523887 1.870922 hargrave 2016-11-16 14:39:26 
TT 580 184.9  43.1 177.0  39.9 1.25E-03 001.3 199.2  33.7 1.540575 1.968164 1.606413 hargrave 2016-11-21 15:12:36 
TT 595 188.2  43.4 180.0  40.6 1.00E-03 007.5 202.1  34.2 3.705786 12.46891 2.258313 hargrave 2016-11-23 14:17:35 
TT 610 189.6  43.0 181.4  40.5 8.04E-04 001.3 203.4  33.9 1.030732 1.051183 1.323686 hargrave 2016-11-30 11:44:59 
TT 625 188.5  43.7 180.1  41.0 6.80E-04 002.5 202.3  34.5 1.042699 2.686128 0.912183 hargrave 2016-12-09 15:25:39 
TT 640 186.9  44.0 178.6  41.0 6.03E-04 002.2 200.9  34.7 1.332219 1.134958 1.710600 hargrave 2016-12-13 19:14:11 
TT 655 191.5  43.9 182.9  41.7 5.24E-04 002.1 204.9  34.9 0.841037 1.253356 1.357769 hargrave 2016-12-16 08:20:36 
TT 655 188.3  44.5 179.7  41.8 4.68E-04 003.2 202.0  35.3 1.405650 2.027516 0.992964 hargrave 2016-12-17 17:22:58 
TT 675 185.0  45.2 176.4  41.9 3.27E-04 007.3 199.0  35.8 0.955412 4.032885 0.727873 hargrave 2016-12-22 12:43:07 
TT 680 191.7  44.6 182.9  42.4 2.19E-04 006.6 205.0  35.7 0.972762 2.350750 0.263748 hargrave 2016-12-23 10:10:46 
