GB12- 8a sun compass orientation
 233.95   2.0  16.0  20.7   9.5   1.0
NRM    302.6  33.4 304.3  42.6 2.12E-03 001.9 038.3  46.6 4.677812 3.106938 4.625497 hargrave 2016-09-01 09:55:04 
LN2    300.0  33.1 301.2  42.4 2.09E-03 001.5 035.0  46.8 3.274997 4.185265 2.322857 hargrave 2016-09-04 17:25:56 
TT 100 301.5  32.7 303.0  42.0 2.08E-03 001.3 036.7  46.1 3.000024 3.144962 1.873528 hargrave 2016-09-08 13:33:59 
TT 200 301.6  32.3 303.0  41.6 2.04E-03 002.3 036.7  45.7 5.627916 5.359174 2.746628 hargrave 2016-09-12 15:07:35 
TT 300 271.1 -16.1 271.7 -07.1 1.13E-03 056.3 359.1 -00.1 3.397949 85.87167 148.2452 hargrave 2016-09-13 15:12:34 
TT 300 300.6  31.5 301.9  40.8 1.97E-03 001.6 035.3  45.1 3.002842 4.275510 1.917554 hargrave 2016-09-14 13:34:10 
TT 350 300.6  31.4 301.9  40.8 1.85E-03 001.8 035.3  45.0 3.228035 4.139725 2.357570 hargrave 2016-09-26 17:54:45 
TT 400 300.1  31.3 301.3  40.6 1.78E-03 002.6 034.7  45.0 5.360944 5.718230 2.345558 hargrave 2016-10-06 21:03:05 
TT 425 301.9  31.5 303.4  40.8 1.75E-03 002.0 036.9  44.9 3.359727 5.024265 1.710404 hargrave 2016-10-24 10:48:33 
TT 450 302.4  31.3 303.9  40.6 1.72E-03 002.8 037.4  44.7 5.422259 6.568907 1.367788 hargrave 2016-10-28 12:27:54 
TT 475 300.7  31.2 302.0  40.6 1.65E-03 001.7 035.4  44.8 2.743878 3.670356 2.277545 hargrave 2016-11-03 12:56:05 
TT 500 302.3  31.5 303.8  40.8 1.61E-03 002.2 037.4  44.8 2.793218 5.447555 2.124081 hargrave 2016-11-08 13:20:17 
TT 525 300.6  30.9 301.8  40.2 1.56E-03 001.5 035.2  44.5 2.694923 3.028134 1.224771 hargrave 2016-11-08 20:49:20 
TT 550 303.3  31.2 304.9  40.5 1.50E-03 001.6 038.5  44.4 3.259259 2.578897 1.253894 hargrave 2016-11-09 16:06:58 
TT 560 301.9  30.9 303.3  40.2 1.46E-03 001.3 036.7  44.4 2.697338 2.208760 1.159507 hargrave 2016-11-13 22:21:40 
TT 570 300.2  30.8 301.4  40.1 1.43E-03 001.4 034.7  44.5 2.606652 2.228259 1.184818 hargrave 2016-11-15 09:42:37 
TT 575 303.8  31.0 305.5  40.3 1.41E-03 001.5 039.0  44.1 2.879745 2.568037 1.064597 hargrave 2016-11-16 14:46:15 
TT 580 302.0  30.7 303.4  40.0 1.40E-03 001.5 036.8  44.1 2.600338 2.572829 1.115276 hargrave 2016-11-21 15:21:26 
TT 595 303.3  31.1 304.8  40.4 1.37E-03 002.3 038.4  44.3 4.808574 2.794400 2.172739 hargrave 2016-11-23 14:26:18 
TT 610 303.3  31.0 304.9  40.2 1.27E-03 001.6 038.4  44.1 2.706581 2.225857 1.432201 hargrave 2016-11-30 11:54:27 
TT 625 301.8  30.2 303.1  39.5 1.09E-03 001.5 036.4  43.7 1.949276 2.412906 0.714195 hargrave 2016-12-09 15:34:18 
TT 640 302.8  30.7 304.4  40.0 6.18E-04 002.0 037.8  44.0 1.002379 1.986880 0.813866 hargrave 2016-12-13 19:22:58 
TT 655 302.9  31.9 304.4  41.2 3.08E-04 002.1 038.1  45.1 0.906729 0.624396 0.384269 hargrave 2016-12-16 08:26:40 
TT 655 302.2  32.4 303.7  41.7 2.14E-04 001.9 037.5  45.7 0.475934 0.506072 0.247376 hargrave 2016-12-17 17:29:06 
TT 675 306.4  31.8 308.4  40.9 1.56E-04 002.2 042.3  44.4 0.382639 0.441792 0.164339 hargrave 2016-12-22 12:49:34 
TT 680 302.4  31.9 304.0  41.2 1.32E-04 002.8 037.6  45.2 0.499422 0.349654 0.250373 hargrave 2016-12-23 10:16:18 
