GB12- 7a sun compass orientation
  233.9 124.9  13.0  20.7   9.5   1.0
NRM    302.2  32.5 303.7  41.7 1.96E-03 001.1 259.3  30.9 3.225202 2.209673 1.612274 hargrave 2016-09-01 09:53:19 
LN2    299.3  32.6 300.5  42.0 1.93E-03 001.9 256.5  30.4 5.921112 2.904406 2.055129 hargrave 2016-09-04 17:24:11 
TT 100 299.6  32.1 300.8  41.5 1.93E-03 001.2 257.0  30.0 3.235286 2.840257 1.455863 hargrave 2016-09-08 13:32:49 
TT 200 299.3  31.2 300.4  40.6 1.89E-03 001.8 257.0  29.1 5.335219 2.772597 1.445942 hargrave 2016-09-12 15:06:05 
TT 300 214.5  13.3 212.2  15.4 4.36E-04 075.3 179.7  00.3 2.549035 160.4645 94.27316 hargrave 2016-09-13 15:10:58 
TT 300 297.0  31.7 297.8  41.2 1.81E-03 001.3 254.6  29.1 2.973162 2.013944 2.193524 hargrave 2016-09-14 13:32:38 
TT 350 298.9  31.3 300.0  40.7 1.70E-03 001.7 256.5  29.1 4.505342 2.232179 1.935381 hargrave 2016-09-26 17:53:10 
TT 400 301.3  30.8 302.6  40.1 1.61E-03 004.7 258.9  29.1 12.58573 2.726436 2.605649 hargrave 2016-10-06 21:01:09 
TT 425 299.9  30.6 301.1  40.0 1.58E-03 004.0 257.7  28.6 10.65206 2.347025 2.200756 hargrave 2016-10-24 10:47:03 
TT 450 301.4  30.7 302.7  40.0 1.55E-03 004.3 259.0  29.1 11.19207 2.311162 2.215364 hargrave 2016-10-28 12:26:03 
TT 475 298.2  30.8 299.2  40.2 1.48E-03 001.2 256.0  28.5 1.559725 1.873092 2.097085 hargrave 2016-11-03 12:54:34 
TT 500 302.7  29.9 304.2  39.2 1.44E-03 003.3 260.5  28.6 7.879653 1.515646 2.369385 hargrave 2016-11-08 13:18:45 
TT 525 301.3  30.3 302.6  39.6 1.40E-03 001.0 259.1  28.6 1.263520 1.245409 1.761183 hargrave 2016-11-08 20:46:54 
TT 550 302.0  29.8 303.4  39.1 1.33E-03 001.3 259.9  28.3 2.226384 1.472865 1.609759 hargrave 2016-11-09 16:04:41 
TT 560 301.7  29.9 303.1  39.2 1.29E-03 001.2 259.6  28.3 1.393017 1.288337 2.002492 hargrave 2016-11-13 22:20:09 
TT 570 299.9  30.0 301.0  39.3 1.26E-03 002.1 257.8  28.0 4.171314 1.692341 1.062548 hargrave 2016-11-15 09:39:58 
TT 575 301.9  30.0 303.2  39.3 1.24E-03 001.1 259.7  28.5 1.168886 1.142595 1.783995 hargrave 2016-11-16 14:44:43 
TT 580 299.9  30.6 301.1  40.0 1.23E-03 002.3 257.7  28.6 4.579695 1.272941 1.639713 hargrave 2016-11-21 15:19:50 
TT 595 300.2  29.5 301.3  38.9 1.19E-03 001.4 258.2  27.6 1.840811 1.903627 1.612920 hargrave 2016-11-23 14:24:46 
TT 610 302.0  29.1 303.4  38.4 1.05E-03 001.3 260.1  27.6 1.544427 1.366654 1.379166 hargrave 2016-11-30 11:51:56 
TT 625 302.2  29.1 303.5  38.4 8.19E-04 001.0 260.2  27.7 0.908557 0.897031 0.854747 hargrave 2016-12-09 15:32:46 
TT 640 300.8  31.6 302.1  40.9 4.15E-04 003.8 258.2  29.8 2.606446 0.391421 0.808219 hargrave 2016-12-13 19:21:26 
TT 655 301.4  31.9 302.8  41.2 2.40E-04 003.1 258.7  30.2 1.182413 0.427056 0.405714 hargrave 2016-12-16 08:25:06 
TT 655 302.5  32.2 304.1  41.5 1.88E-04 001.5 259.7  30.8 0.308295 0.251406 0.304704 hargrave 2016-12-17 17:27:38 
TT 675 301.7  32.0 303.2  41.3 1.42E-04 003.9 259.0  30.4 0.879835 0.338017 0.213967 hargrave 2016-12-22 12:48:22 
TT 680 301.2  31.7 302.5  41.0 1.18E-04 004.3 258.6  29.9 0.865736 0.233739 0.071937 hargrave 2016-12-23 10:14:22 
