GB12- 1a sun compass orientation
  233.8  22.2   7.0  20.7   9.5   1.0
NRM    305.9  32.9 308.0  42.0 1.42E-03 002.1 015.0  39.6 2.587715 2.545513 3.957685 hargrave 2016-09-01 09:41:13 
LN2    303.7  32.9 305.4  42.1 1.39E-03 001.1 012.5  39.7 1.784383 1.809021 1.444104 hargrave 2016-09-04 17:12:06 
TT 100 304.5  32.6 306.3  41.8 1.39E-03 001.2 013.4  39.4 1.761922 1.778708 1.588876 hargrave 2016-09-08 13:22:59 
TT 200 305.8  32.0 307.7  41.1 1.36E-03 001.7 014.8  38.8 2.568905 2.482920 2.088585 hargrave 2016-09-12 14:56:45 
TT 300 291.9 -07.0 291.9  02.5 9.74E-04 043.0 359.7  00.0 1.638857 29.32212 86.16625 hargrave 2016-09-13 14:58:29 
TT 300 304.7  31.5 306.4  40.7 1.30E-03 002.5 013.6  38.3 1.720620 5.396562 1.409366 hargrave 2016-09-14 13:20:40 
TT 350 304.2  31.6 306.0  40.8 1.25E-03 001.7 013.1  38.4 1.655375 2.899856 1.882085 hargrave 2016-09-26 17:40:31 
TT 400 307.1  31.2 309.1  40.2 1.18E-03 003.0 016.1  37.9 2.683659 5.478630 1.583430 hargrave 2016-10-06 20:49:26 
TT 425 305.9  31.1 307.8  40.2 1.16E-03 003.4 014.9  37.9 2.535426 6.360301 1.239435 hargrave 2016-10-24 10:37:55 
TT 450 307.6  30.9 309.7  40.0 1.14E-03 001.3 016.7  37.7 1.707756 1.755460 1.220453 hargrave 2016-10-28 12:10:19 
TT 475 306.9  31.0 309.0  40.1 1.10E-03 001.5 016.0  37.7 1.507326 2.319954 1.212115 hargrave 2016-11-03 12:42:32 
TT 500 306.0  30.7 307.9  39.8 1.07E-03 003.2 015.0  37.5 1.580913 5.802240 1.082327 hargrave 2016-11-08 13:06:04 
TT 525 305.7  30.5 307.5  39.6 1.06E-03 001.1 014.6  37.3 1.422849 1.413605 0.947023 hargrave 2016-11-08 20:35:03 
TT 550 304.7  30.3 306.4  39.5 1.03E-03 001.4 013.6  37.1 1.371892 1.975213 0.980072 hargrave 2016-11-09 15:51:56 
TT 560 305.8  30.2 307.6  39.4 9.86E-04 001.8 014.7  37.0 1.777668 2.452954 1.001726 hargrave 2016-11-13 22:07:17 
TT 570 305.5  30.0 307.3  39.2 9.60E-04 003.0 014.4  36.8 1.894307 4.676067 1.050627 hargrave 2016-11-15 09:28:32 
TT 575 304.2  30.0 305.8  39.2 9.53E-04 001.3 013.0  36.8 1.308252 1.592749 1.023353 hargrave 2016-11-16 14:34:44 
TT 580 307.5  30.0 309.5  39.1 9.32E-04 001.7 016.6  36.7 1.311807 2.350186 0.999512 hargrave 2016-11-21 15:07:52 
TT 595 306.6  29.9 308.5  39.0 7.93E-04 002.8 015.6  36.6 2.204190 3.090454 1.218218 hargrave 2016-11-23 14:12:28 
TT 610 308.2  30.1 310.2  39.1 5.99E-04 002.8 017.3  36.8 1.678290 2.440050 0.812564 hargrave 2016-11-30 11:35:45 
TT 625 307.1  30.5 309.1  39.5 4.66E-04 001.3 016.1  37.2 0.721375 0.687965 0.617410 hargrave 2016-12-09 15:20:27 
TT 640 307.4  30.9 309.5  40.0 3.23E-04 001.6 016.5  37.6 0.625117 0.535095 0.477268 hargrave 2016-12-13 19:09:30 
TT 655 307.5  31.4 309.7  40.5 2.44E-04 001.5 016.7  38.1 0.392049 0.445883 0.276654 hargrave 2016-12-16 08:15:55 
TT 655 307.9  31.5 310.1  40.6 2.04E-04 003.3 017.1  38.3 0.385027 1.081134 0.282280 hargrave 2016-12-17 17:15:39 
TT 675 302.3  32.7 303.8  42.0 1.33E-04 006.4 011.0  39.6 0.336190 1.434792 0.212923 hargrave 2016-12-22 12:38:52 
TT 680 304.2  32.1 305.9  41.3 9.95E-05 001.5 013.1  38.9 0.144992 0.134960 0.185802 hargrave 2016-12-23 10:04:50 
