GB12- 5a sun compass orientation
 233.85 135.7  12.0  20.7   9.5   1.0
NRM    301.1  35.6 302.6  44.9 1.67E-03 004.7 247.7  31.7 13.00079 4.636770 1.839959 hargrave 2016-09-01 09:49:57 
LN2    302.7  34.6 304.4  43.9 1.65E-03 002.9 249.5  31.1 7.523531 3.618914 1.604641 hargrave 2016-09-04 17:20:51 
TT 100 302.5  35.0 304.3  44.3 1.65E-03 001.4 249.3  31.5 2.997465 2.108683 2.046099 hargrave 2016-09-08 13:30:26 
TT 200 300.4  34.2 301.8  43.6 1.63E-03 001.7 247.5  30.3 3.872523 3.038073 1.609513 hargrave 2016-09-12 15:02:59 
TT 300 222.8  11.4 220.7  14.8 3.75E-04 075.5 177.1 -00.6 8.115032 138.5185 83.41350 hargrave 2016-09-13 15:07:35 
TT 300 306.2  33.5 308.3  42.6 1.55E-03 008.5 253.1  30.7 22.09206 6.764349 2.060199 hargrave 2016-09-14 13:29:25 
TT 350 300.7  34.0 302.1  43.4 1.50E-03 003.5 247.8  30.2 8.624491 3.227575 1.781580 hargrave 2016-09-26 17:49:41 
TT 400 302.4  33.4 304.0  42.7 1.43E-03 002.1 249.6  29.9 4.170223 2.534546 2.077609 hargrave 2016-10-06 20:56:53 
TT 425 301.9  33.5 303.5  42.8 1.41E-03 004.9 249.1  29.9 11.13686 4.604168 1.604812 hargrave 2016-10-24 10:44:05 
TT 450 298.6  34.1 299.7  43.5 1.39E-03 001.7 245.8  29.8 2.877046 2.412191 1.795977 hargrave 2016-10-28 12:21:02 
TT 475 298.9  34.1 300.1  43.5 1.34E-03 001.8 246.2  29.9 3.271666 2.099751 2.059248 hargrave 2016-11-03 12:51:28 
TT 500 301.8  33.7 303.4  43.0 1.32E-03 003.6 249.0  30.1 7.616368 2.931381 1.982138 hargrave 2016-11-08 13:14:42 
TT 525 298.1  33.8 299.1  43.3 1.31E-03 001.1 245.4  29.5 1.333579 1.532988 1.597954 hargrave 2016-11-08 20:43:41 
TT 550 302.4  33.2 304.0  42.5 1.28E-03 001.2 249.6  29.7 1.798562 1.367496 1.597047 hargrave 2016-11-09 16:01:38 
TT 560 304.2  32.7 306.0  41.9 1.25E-03 001.5 251.5  29.6 2.628458 1.423162 1.571176 hargrave 2016-11-13 22:16:51 
TT 570 300.2  33.3 301.5  42.7 1.24E-03 001.0 247.5  29.4 1.017420 1.434479 1.311463 hargrave 2016-11-15 09:35:23 
TT 575 304.0  32.7 305.8  42.0 1.23E-03 004.2 251.3  29.6 8.363139 3.045363 1.422754 hargrave 2016-11-16 14:41:22 
TT 580 300.4  33.7 301.7  43.0 1.21E-03 005.3 247.6  29.8 10.18468 4.603450 1.514607 hargrave 2016-11-21 15:16:36 
TT 595 302.5  33.3 304.1  42.6 1.18E-03 003.1 249.7  29.8 5.721776 2.195425 1.810037 hargrave 2016-11-23 14:21:35 
TT 610 304.1  32.5 305.9  41.7 1.08E-03 001.4 251.4  29.3 1.839653 1.275839 1.420654 hargrave 2016-11-30 11:47:04 
TT 625 305.0  32.5 306.9  41.7 8.96E-04 001.1 252.3  29.6 1.165462 0.785314 1.159531 hargrave 2016-12-09 15:29:39 
TT 640 302.1  34.3 303.8  43.6 5.04E-04 005.2 249.1  30.8 4.293399 1.500609 0.982089 hargrave 2016-12-13 19:18:12 
TT 655 308.6  33.6 311.1  42.6 2.74E-04 005.9 255.4  31.4 2.724022 0.720561 0.479369 hargrave 2016-12-16 08:22:04 
TT 655 302.8  35.9 304.6  45.2 1.91E-04 002.3 249.3  32.4 0.637926 0.266865 0.378262 hargrave 2016-12-17 17:24:34 
TT 675 302.4  35.7 304.1  45.0 1.25E-04 004.8 248.9  32.1 0.968926 0.328724 0.239829 hargrave 2016-12-22 12:45:52 
TT 680 303.8  35.2 305.8  44.4 1.01E-04 002.9 250.4  31.9 0.428825 0.257442 0.120339 hargrave 2016-12-23 10:12:01 
