GB4- 3a mag compass orientation (IGRF corrected)
  26.85  33.5  14.0  20.7   9.5   1.0
NRM    300.2  51.7 302.9  61.0 1.34E-03 003.3 355.0  65.7 6.834282 2.553329 3.022268 hargrave 2016-08-17 17:09:49 
NRM    299.9  51.6 302.6  60.9 1.34E-03 003.3 354.7  65.5 6.605646 2.648202 2.962728 hargrave 2016-08-17 19:58:42 
LN2    301.9  51.7 305.1  61.0 1.33E-03 004.5 357.6  65.7 8.269732 5.050306 3.931583 hargrave 2016-08-19 18:46:49 
TT 100 302.4  51.0 305.5  60.2 1.31E-03 003.2 358.3  65.0 6.283742 2.259368 3.294679 hargrave 2016-08-26 14:08:42 
TT 200 300.1  42.3 301.9  51.7 9.94E-04 003.5 355.4  56.3 4.769611 1.466812 3.392126 hargrave 2016-08-31 18:11:28 
TT 300 296.9  40.2 298.1  49.7 7.49E-04 003.9 351.5  54.1 3.778403 2.170112 2.610556 hargrave 2016-09-01 15:39:16 
TT 350 299.8  40.9 301.5  50.3 5.82E-04 003.5 355.2  54.9 2.650603 1.234793 1.980689 hargrave 2016-09-02 15:01:40 
TT 400 297.9  42.8 299.4  52.2 4.35E-04 001.5 352.5  56.7 0.869481 0.657637 0.477797 hargrave 2016-09-08 11:01:16 
TT 425 297.0  41.9 298.2  51.3 3.76E-04 002.1 351.3  55.8 1.033423 0.804159 0.538835 hargrave 2016-09-08 17:09:23 
TT 450 296.9  42.8 298.2  52.2 3.60E-04 001.5 351.2  56.7 0.616410 0.646208 0.421779 hargrave 2016-09-12 11:04:41 
TT 475 297.1  41.4 298.3  50.8 3.13E-04 002.0 351.6  55.3 0.940967 0.551048 0.469245 hargrave 2016-09-12 21:52:07 
TT 500 296.8  40.3 297.9  49.8 2.80E-04 002.1 351.2  54.2 0.703080 0.742544 0.283881 hargrave 2016-09-15 11:50:24 
TT 525 292.9  27.1 293.2  36.6 1.92E-04 002.6 347.6  40.8 0.527902 0.673562 0.257453 hargrave 2016-09-19 18:02:55 
TT 550 293.5  44.2 294.1  53.7 1.87E-04 002.9 346.5  58.0 0.496401 0.793428 0.234812 hargrave 2016-09-22 17:00:37 
TT 560 292.0  35.3 292.2  44.8 1.39E-04 002.5 345.6  48.9 0.309198 0.501268 0.212871 hargrave 2016-09-29 10:46:27 
TT 570 296.2  08.6 296.4  18.1 7.36E-05 003.6 352.1  22.5 0.118262 0.309217 0.346904 hargrave 2016-10-03 17:40:18 
TT 575 296.3  35.7 297.2  45.2 9.67E-05 002.2 351.0  49.6 0.213046 0.277154 0.152058 hargrave 2016-10-08 14:38:56 
TT 575 294.8  36.2 295.4  45.7 9.66E-05 003.2 349.0  50.0 0.274340 0.437611 0.193763 hargrave 2016-10-10 16:33:15 
TT 580 293.5  36.6 293.9  46.1 8.98E-05 002.1 347.4  50.3 0.241287 0.242020 0.097555 hargrave 2016-10-20 12:20:48 
TT 595 292.3  37.0 292.6  46.5 7.89E-05 003.5 345.9  50.7 0.289280 0.380494 0.139432 hargrave 2016-10-25 00:19:24 
TT 610 287.4  06.9 287.3  16.3 6.04E-05 002.6 343.0  20.3 0.084847 0.193371 0.186423 hargrave 2016-11-07 10:42:55 
TT 625 295.0  37.1 295.7  46.6 5.53E-05 002.5 349.3  50.9 0.128575 0.200948 0.057340 hargrave 2016-11-08 12:05:38 
TT 640 294.4  35.1 295.0  44.5 4.98E-05 001.6 348.7  48.8 0.123453 0.090260 0.056188 hargrave 2016-11-09 11:05:25 
TT 655 301.3  35.0 302.9  44.3 3.33E-05 002.0 357.3  49.0 0.068965 0.096200 0.032767 hargrave 2016-11-10 11:48:35 
TT 665 343.4  28.2 348.1  33.6 7.41E-06 002.1 046.3  38.4 0.011234 0.028876 0.007604 hargrave 2016-11-11 12:47:09 
TT 675 185.6  66.3 167.4  62.3 2.47E-06 007.8 221.3  57.4 0.010165 0.031820 0.006603 hargrave 2016-11-14 20:09:02 
TT 680 179.9  47.1 171.2  43.0 2.83E-06 009.4 226.2  38.3 0.018505 0.043556 0.008390 hargrave 2016-11-15 18:55:52 
