GB5- 8a mag compass orientation (IGRF corrected)
   42.1  16.5  40.0  20.7   9.5   1.0
NRM    000.7 -58.0 348.1 -53.8 7.75E-03 001.7 037.9 -33.9 8.189775 15.66074 16.47448 hargrave 2016-08-17 17:31:20 
NRM    001.6 -57.6 349.0 -53.5 7.75E-03 002.0 038.6 -33.9 7.464041 21.06187 15.83283 hargrave 2016-08-17 20:19:20 
LN2    002.9 -57.1 350.4 -53.2 7.57E-03 001.9 039.6 -34.1 8.614732 15.90740 18.45309 hargrave 2016-08-19 19:07:30 
TT 100 002.6 -57.3 350.0 -53.4 7.60E-03 001.6 039.3 -34.2 12.38334 10.54040 15.12744 hargrave 2016-08-26 14:29:16 
TT 200 359.8 -59.2 346.8 -54.8 7.03E-03 002.0 036.4 -34.3 15.69568 10.24344 15.77983 hargrave 2016-08-31 18:32:18 
TT 300 003.0 -57.4 350.4 -53.5 6.15E-03 002.4 039.4 -34.3 18.74020 14.20597 12.33390 hargrave 2016-09-01 16:01:08 
TT 350 002.0 -58.1 349.2 -54.1 5.82E-03 001.9 038.3 -34.5 13.15917 7.842363 12.66214 hargrave 2016-09-02 15:22:40 
TT 400 359.4 -59.1 346.4 -54.7 5.45E-03 002.5 036.3 -34.1 15.86527 17.48307 6.304741 hargrave 2016-09-08 11:18:35 
TT 425 002.9 -57.0 350.4 -53.1 5.27E-03 001.5 039.7 -34.1 8.996120 9.665938 5.102372 hargrave 2016-09-08 17:26:39 
TT 450 001.6 -57.7 349.0 -53.6 5.08E-03 001.3 038.5 -34.0 8.481548 7.245340 5.205243 hargrave 2016-09-12 11:25:57 
TT 475 002.3 -57.5 349.7 -53.5 4.87E-03 001.2 039.0 -34.1 6.891814 7.085714 5.262394 hargrave 2016-09-12 22:13:29 
TT 500 004.9 -56.0 352.6 -52.4 4.60E-03 001.4 041.5 -34.2 5.994073 8.666519 5.175385 hargrave 2016-09-15 12:08:13 
TT 525 003.2 -56.8 350.8 -53.0 4.32E-03 001.3 040.0 -34.1 7.342549 6.237188 4.899014 hargrave 2016-09-19 18:26:15 
TT 550 003.1 -57.2 350.5 -53.3 3.95E-03 003.0 039.6 -34.2 12.84971 15.56365 4.153544 hargrave 2016-09-22 17:21:27 
TT 560 002.3 -57.4 349.7 -53.4 3.66E-03 002.9 039.1 -34.1 11.92261 14.26889 3.845399 hargrave 2016-09-29 11:09:16 
TT 570 001.7 -57.8 349.1 -53.7 3.35E-03 002.7 038.5 -34.1 10.22899 11.85095 4.078953 hargrave 2016-10-03 18:01:09 
TT 575 000.5 -58.2 347.9 -53.9 3.27E-03 001.3 037.6 -33.9 3.775513 5.718080 4.212623 hargrave 2016-10-08 15:02:53 
TT 575 000.7 -57.9 348.1 -53.7 3.28E-03 001.2 037.9 -33.8 3.738716 5.483336 3.866481 hargrave 2016-10-10 16:55:44 
TT 580 001.1 -58.3 348.3 -54.1 3.16E-03 001.6 037.8 -34.2 5.000714 6.477296 3.934015 hargrave 2016-10-20 12:43:58 
TT 595 002.9 -56.7 350.5 -52.9 2.83E-03 001.7 039.9 -33.9 5.245582 6.228019 3.253572 hargrave 2016-10-25 00:40:25 
TT 610 002.8 -58.4 349.7 -54.5 2.32E-03 001.5 038.4 -35.0 3.039268 4.526999 2.942949 hargrave 2016-11-07 11:04:29 
TT 625 003.0 -56.4 350.7 -52.6 1.82E-03 001.7 040.2 -33.7 3.544079 3.798177 2.313415 hargrave 2016-11-08 12:26:29 
TT 640 001.2 -57.3 348.8 -53.2 1.57E-03 001.1 038.7 -33.6 1.648034 1.918113 2.089222 hargrave 2016-11-09 11:28:17 
TT 655 000.2 -56.8 348.1 -52.6 1.31E-03 001.4 038.7 -32.9 2.021954 1.834093 1.671286 hargrave 2016-11-10 12:10:10 
TT 665 003.3 -54.8 351.7 -51.0 1.04E-03 001.3 041.9 -32.7 1.498074 1.547781 1.334841 hargrave 2016-11-11 13:07:11 
TT 675 003.8 -54.8 352.2 -51.2 7.92E-04 002.5 042.1 -33.0 2.247910 2.519028 1.101692 hargrave 2016-11-14 20:29:09 
TT 680 001.0 -56.7 348.9 -52.6 4.61E-04 002.6 039.1 -33.1 1.423273 1.448906 0.667080 hargrave 2016-11-15 19:15:41 
