GB5- 7a mag compass orientation (IGRF corrected)
   42.2  58.5  62.0  20.7   9.5   1.0
NRM    359.9 -55.1 348.6 -50.9 5.72E-03 002.4 017.3  02.6 3.568480 8.063702 22.62793 hargrave 2016-08-17 17:29:47 
NRM    000.3 -55.0 349.0 -50.8 5.72E-03 002.5 017.6  02.6 4.196820 9.721483 22.70213 hargrave 2016-08-17 20:17:46 
LN2    353.8 -57.0 342.5 -51.8 5.61E-03 002.6 013.5  02.4 2.387480 6.760292 24.21610 hargrave 2016-08-19 19:05:56 
TT 100 359.7 -55.8 348.1 -51.5 5.64E-03 002.5 016.9  02.1 3.872719 10.33572 21.79280 hargrave 2016-08-26 14:27:43 
TT 200 353.3 -58.2 341.7 -53.0 5.26E-03 003.0 012.8  01.3 3.174304 15.97379 22.34085 hargrave 2016-08-31 18:30:40 
TT 300 000.5 -56.8 348.4 -52.6 4.56E-03 002.5 016.9  01.0 1.266669 3.705473 19.77913 hargrave 2016-09-01 15:59:30 
TT 350 356.8 -57.9 344.7 -53.2 4.30E-03 002.8 014.6  00.8 2.715702 9.060502 18.54203 hargrave 2016-09-02 15:21:02 
TT 400 358.7 -57.2 346.7 -52.7 3.99E-03 001.5 015.8  01.1 3.061549 9.139381 4.133000 hargrave 2016-09-08 11:17:14 
TT 425 001.8 -56.3 349.8 -52.3 3.85E-03 001.9 017.7  01.0 3.958688 11.81508 4.241668 hargrave 2016-09-08 17:25:15 
TT 450 357.5 -57.6 345.5 -52.9 3.71E-03 001.5 015.0  01.0 2.470466 8.413587 4.043807 hargrave 2016-09-12 11:24:23 
TT 475 000.4 -56.9 348.3 -52.7 3.55E-03 000.7 016.8  00.9 1.914922 2.392939 3.911448 hargrave 2016-09-12 22:11:53 
TT 500 003.5 -56.4 351.2 -52.6 3.34E-03 001.4 018.5  00.5 2.514994 7.177457 3.328794 hargrave 2016-09-15 12:06:54 
TT 525 359.3 -57.7 347.0 -53.3 3.11E-03 000.9 015.9  00.5 2.309068 2.015819 4.381337 hargrave 2016-09-19 18:24:38 
TT 550 357.7 -58.3 345.4 -53.7 2.87E-03 003.1 014.9  00.3 3.985944 14.68309 3.644007 hargrave 2016-09-22 17:19:50 
TT 560 000.9 -57.5 348.5 -53.3 2.64E-03 002.9 016.7  00.3 4.142202 12.37526 3.237748 hargrave 2016-09-29 11:07:33 
TT 570 359.8 -58.2 347.2 -53.8 2.38E-03 004.1 015.9 -00.1 4.579716 16.15998 2.913285 hargrave 2016-10-03 17:59:35 
TT 575 356.0 -58.5 343.8 -53.6 2.36E-03 001.3 014.0  00.5 1.612681 4.464938 3.150530 hargrave 2016-10-08 15:01:18 
TT 575 357.5 -58.2 345.2 -53.5 2.36E-03 001.0 014.8  00.4 1.045475 2.910005 2.871119 hargrave 2016-10-10 16:53:26 
TT 580 001.8 -57.7 349.2 -53.6 2.27E-03 001.2 017.1 -00.1 1.421426 3.695495 2.618189 hargrave 2016-10-20 12:41:31 
TT 595 003.9 -56.9 351.3 -53.2 2.01E-03 002.2 018.4 -00.0 2.532200 6.569863 3.263470 hargrave 2016-10-25 00:38:48 
TT 610 000.2 -57.9 347.7 -53.6 1.52E-03 000.9 016.2  00.1 0.558296 1.573628 1.582570 hargrave 2016-11-07 11:02:52 
TT 625 000.3 -57.6 347.9 -53.4 1.17E-03 003.7 016.4  00.3 2.274910 7.058433 1.418349 hargrave 2016-11-08 12:24:56 
TT 640 350.5 -59.6 338.8 -54.0 9.56E-04 004.9 011.0  00.5 1.621533 7.954971 1.435250 hargrave 2016-11-09 11:26:41 
TT 655 355.9 -58.2 343.8 -53.3 7.78E-04 001.7 014.0  00.8 0.694384 2.032551 0.906579 hargrave 2016-11-10 12:08:29 
TT 665 360.0 -56.4 348.1 -52.1 6.13E-04 000.8 016.8  01.5 0.245588 0.548248 0.728921 hargrave 2016-11-11 13:05:37 
TT 675 001.6 -55.4 350.0 -51.4 4.83E-04 000.8 018.1  01.9 0.219255 0.427817 0.573016 hargrave 2016-11-14 20:27:31 
TT 680 355.4 -57.1 343.8 -52.2 2.70E-04 001.3 014.2  01.9 0.218935 0.502673 0.377133 hargrave 2016-11-15 19:14:09 
