GB19- 6a sun compass orientation
  254.1 278.5  13.0  20.7   9.5   1.0
NRM    297.4  35.4 298.4  44.8 2.13E-03 002.6 116.7  30.3 3.188217 4.654754 7.930580 hargrave 2016-09-01 11:28:42 
LTD    297.4  36.0 298.4  45.4 2.09E-03 001.8 116.8  30.9 3.198260 3.224940 4.603688 hargrave 2016-11-10 10:51:57 
TT 100 298.4  35.9 299.6  45.3 2.08E-03 002.2 117.7  30.6 4.205522 4.915777 4.867462 hargrave 2016-11-16 16:55:47 
TT 200 298.1  35.3 299.2  44.7 1.96E-03 003.1 117.3  30.1 6.523737 6.491870 5.220483 hargrave 2016-11-21 16:58:50 
TT 300 304.7  36.2 306.8  45.4 1.81E-03 002.4 123.5  29.7 4.288307 4.965317 3.810795 hargrave 2016-12-09 23:35:50 
TT 350 299.5  35.0 300.8  44.4 1.69E-03 004.8 118.5  29.6 12.57870 4.280378 4.922022 hargrave 2016-12-17 14:13:27 
TT 400 297.8  33.9 298.8  43.3 1.64E-03 002.5 116.6  28.8 3.241024 4.121553 4.755067 hargrave 2017-01-05 12:39:24 
TT 425 294.2  32.7 294.7  42.1 1.58E-03 003.0 113.0  28.3 3.201015 4.794387 5.839934 hargrave 2017-01-06 16:11:07 
TT 450 295.5  32.9 296.1  42.4 1.54E-03 002.4 114.2  28.3 2.256759 3.613847 4.984729 hargrave 2017-01-09 17:15:05 
TT 475 297.6  33.8 298.5  43.2 1.49E-03 003.2 116.4  28.7 4.388919 4.855635 4.977478 hargrave 2017-01-10 17:19:09 
TT 500 296.4  33.2 297.2  42.7 1.42E-03 002.3 115.2  28.4 2.086392 3.151219 4.409616 hargrave 2017-01-11 19:53:12 
TT 525 295.6  34.7 296.3  44.2 1.30E-03 002.9 114.8  30.1 5.009509 3.298441 2.873239 hargrave 2017-01-15 19:22:24 
TT 550 297.5  35.3 298.5  44.7 1.16E-03 003.2 116.7  30.2 4.789700 3.482692 2.608627 hargrave 2017-01-18 15:00:27 
TT 560 298.1  35.1 299.2  44.5 1.08E-03 002.5 117.2  29.9 3.201379 2.703143 2.342126 hargrave 2017-01-19 01:34:09 
TT 570 298.8  35.7 300.0  45.0 9.90E-04 003.4 118.0  30.3 4.539514 3.152132 2.068773 hargrave 2017-01-19 16:27:33 
TT 575 299.4  35.8 300.7  45.2 9.32E-04 003.3 118.6  30.3 3.898576 3.041127 2.102263 hargrave 2017-01-20 14:25:34 
TT 580 296.1  34.5 296.9  44.0 8.80E-04 002.4 115.2  29.7 2.610389 2.064931 1.902054 hargrave 2017-01-22 13:51:21 
TT 595 297.3  35.8 298.3  45.2 7.13E-04 003.6 116.7  30.7 3.948772 1.308269 1.791076 hargrave 2017-02-01 16:42:49 
TT 610 299.7  36.4 301.1  45.7 4.96E-04 001.6 119.1  30.8 0.841149 0.480053 1.078598 hargrave 2017-02-02 15:36:48 
TT 625 297.1  35.9 298.1  45.3 2.14E-04 004.0 116.6  30.8 1.178985 0.805459 0.438281 hargrave 2017-02-06 14:24:27 
TT 640 299.2  37.1 300.6  46.5 1.38E-04 002.8 118.8  31.6 0.442141 0.424392 0.314332 hargrave 2017-02-08 12:47:22 
TT 655 299.2  37.2 300.5  46.6 1.08E-04 002.3 118.8  31.7 0.263022 0.238440 0.254992 hargrave 2017-02-08 22:13:37 
TT 665 298.0  36.8 299.1  46.2 8.63E-05 002.6 117.6  31.6 0.308302 0.105173 0.218681 hargrave 2017-02-09 15:25:07 
TT 675 299.0  35.6 300.2  45.0 6.43E-05 002.2 118.2  30.2 0.107523 0.133321 0.175294 hargrave 2017-02-13 18:08:57 
TT 680 304.8  36.2 306.9  45.3 5.04E-05 001.9 123.6  29.7 0.091555 0.079135 0.118582 hargrave 2017-02-14 22:49:37 
