GB19- 7a mag compass orientation (IGRF corrected)
 255.15  87.5  16.0  20.7   9.5   1.0
NRM    303.7  34.0 305.6  43.3 2.87E-03 003.1 295.4  42.3 14.42118 5.073829 4.452201 hargrave 2016-09-01 11:30:13 
LTD    300.4  34.0 301.7  43.3 2.84E-03 001.2 291.8  41.4 3.730288 4.618412 1.979571 hargrave 2016-11-10 10:54:24 
TT 100 299.8  34.1 301.1  43.5 2.82E-03 002.3 291.1  41.4 9.791885 5.367038 2.294996 hargrave 2016-11-16 16:57:44 
TT 200 303.6  32.8 305.3  42.1 2.73E-03 001.3 295.7  41.1 4.271924 3.467912 3.332817 hargrave 2016-11-21 17:00:46 
TT 300 301.5  33.8 303.0  43.1 2.58E-03 005.3 293.0  41.5 21.59327 9.828321 2.865129 hargrave 2016-12-09 23:37:21 
TT 350 300.0  34.5 301.4  43.9 2.44E-03 003.0 291.2  41.8 11.95973 4.398824 3.635530 hargrave 2016-12-17 14:16:43 
TT 400 302.2  34.5 303.9  43.8 2.41E-03 003.0 293.5  42.4 11.44746 5.588834 1.891597 hargrave 2017-01-05 12:40:52 
TT 425 302.7  35.1 304.5  44.4 2.35E-03 003.4 293.8  43.1 13.04981 4.271393 4.006879 hargrave 2017-01-06 16:12:40 
TT 450 301.8  35.5 303.5  44.8 2.33E-03 002.5 292.7  43.2 9.161656 3.946255 2.455868 hargrave 2017-01-09 17:16:40 
TT 475 303.7  35.1 305.6  44.3 2.29E-03 002.7 294.9  43.3 9.823353 3.754946 3.380366 hargrave 2017-01-10 17:22:24 
TT 500 301.8  35.4 303.5  44.7 2.24E-03 003.0 292.8  43.1 10.91700 4.443135 2.234734 hargrave 2017-01-11 19:54:26 
TT 525 300.6  34.4 302.0  43.7 2.13E-03 002.2 291.9  41.8 6.912833 3.924279 2.067536 hargrave 2017-01-15 19:23:54 
TT 550 301.7  34.4 303.3  43.7 1.98E-03 002.7 293.1  42.1 8.051706 4.239399 2.137800 hargrave 2017-01-18 15:02:00 
TT 560 301.4  34.5 302.9  43.8 1.88E-03 002.2 292.6  42.2 6.121054 3.640295 1.921323 hargrave 2017-01-19 01:35:44 
TT 570 303.4  33.9 305.1  43.2 1.74E-03 003.0 295.0  42.1 7.671891 4.458187 1.888622 hargrave 2017-01-19 16:29:05 
TT 575 300.8  34.4 302.2  43.7 1.64E-03 003.0 292.0  41.9 7.669963 3.697542 1.341507 hargrave 2017-01-20 14:27:33 
TT 580 300.7  34.7 302.1  44.1 1.54E-03 001.8 291.8  42.2 3.810925 2.431581 1.628118 hargrave 2017-01-22 13:52:52 
TT 595 301.2  34.4 302.7  43.7 1.21E-03 002.1 292.5  42.0 3.633908 2.317694 1.092080 hargrave 2017-02-01 16:44:20 
TT 610 301.4  34.5 303.0  43.8 6.96E-04 001.2 292.7  42.1 0.989765 0.967143 0.647126 hargrave 2017-02-02 15:38:20 
TT 625 302.2  35.8 303.9  45.0 1.85E-04 001.9 293.0  43.6 0.543012 0.297634 0.150032 hargrave 2017-02-06 14:25:40 
TT 640 299.7  35.2 301.0  44.6 1.49E-04 001.5 290.5  42.4 0.335448 0.250380 0.056830 hargrave 2017-02-08 12:49:05 
TT 655 304.4  34.9 306.4  44.1 1.16E-04 001.2 295.7  43.3 0.167284 0.197571 0.053480 hargrave 2017-02-08 22:15:10 
TT 665 300.9  36.5 302.5  45.9 8.98E-05 003.2 291.3  43.9 0.488404 0.159957 0.042540 hargrave 2017-02-09 15:26:43 
TT 675 297.4  36.2 298.4  45.7 6.47E-05 005.3 287.7  42.8 0.565514 0.213855 0.051583 hargrave 2017-02-13 18:10:54 
TT 680 305.0  36.8 307.3  45.9 3.49E-05 002.7 295.6  45.2 0.139678 0.091005 0.033562 hargrave 2017-02-14 22:51:34 
