GB19- 3a mag compass orientation (IGRF corrected)
 254.35 292.5  19.0  20.7   9.5   1.0
NRM    296.2  35.3 297.0  44.7 1.95E-03 002.9 106.3  31.9 9.462092 2.752315 2.452306 hargrave 2016-09-01 11:23:53 
LTD    296.0  36.0 296.8  45.4 1.93E-03 001.7 106.4  32.6 3.010542 2.880178 4.302303 hargrave 2016-11-10 10:46:46 
TT 100 301.7  38.2 303.5  47.5 1.91E-03 003.4 112.4  33.0 8.571478 6.185744 4.157747 hargrave 2016-11-16 16:49:58 
TT 200 293.1  34.6 293.5  44.1 1.84E-03 002.2 103.3  32.3 5.715265 2.327395 3.728544 hargrave 2016-11-21 16:52:58 
TT 300 291.8  34.9 291.9  44.4 1.73E-03 004.4 102.2  33.0 11.81762 4.610607 3.733644 hargrave 2016-12-09 23:28:46 
TT 350 295.9  35.4 296.7  44.9 1.66E-03 003.9 106.1  32.1 9.924412 2.445587 4.941781 hargrave 2016-12-17 14:08:42 
TT 400 295.9  34.7 296.7  44.2 1.61E-03 002.6 105.8  31.5 6.465643 1.322578 3.094380 hargrave 2017-01-05 12:32:21 
TT 425 296.2  34.9 297.0  44.4 1.57E-03 002.5 106.1  31.6 6.013428 1.474693 2.994029 hargrave 2017-01-06 16:04:35 
TT 450 295.3  34.7 296.0  44.2 1.54E-03 001.4 105.3  31.7 1.840852 1.686242 2.827328 hargrave 2017-01-09 17:08:32 
TT 475 295.7  34.9 296.5  44.3 1.51E-03 003.7 105.7  31.7 9.094430 1.440537 3.016045 hargrave 2017-01-10 17:12:04 
TT 500 293.9  34.3 294.4  43.8 1.46E-03 002.6 103.8  31.8 6.055694 1.219550 2.568950 hargrave 2017-01-11 19:47:11 
TT 525 294.4  36.0 295.0  45.5 1.37E-03 002.9 105.0  33.2 6.077005 1.449808 3.368792 hargrave 2017-01-15 19:15:13 
TT 550 296.8  36.6 297.8  46.1 1.24E-03 005.0 107.4  33.0 10.25693 1.918665 3.113775 hargrave 2017-01-18 14:53:18 
TT 560 297.2  37.1 298.2  46.6 1.15E-03 002.0 108.0  33.4 2.578131 1.462780 2.864779 hargrave 2017-01-19 01:26:57 
TT 570 297.4  37.0 298.5  46.4 1.06E-03 004.2 108.1  33.1 7.234371 1.261862 2.860772 hargrave 2017-01-19 16:20:29 
TT 575 294.2  35.8 294.7  45.3 1.00E-03 005.4 104.7  33.1 9.163771 1.745345 2.152513 hargrave 2017-01-20 14:19:55 
TT 580 294.8  36.4 295.4  45.8 9.49E-04 001.9 105.5  33.4 1.918060 1.273081 2.211220 hargrave 2017-01-22 13:43:13 
TT 595 295.1  36.6 295.8  46.0 8.36E-04 002.1 105.9  33.5 1.360678 1.536416 2.253981 hargrave 2017-02-01 16:33:59 
TT 610 295.2  36.9 296.0  46.4 5.29E-04 002.6 106.2  33.8 1.580247 1.250278 1.334689 hargrave 2017-02-02 15:28:54 
TT 625 293.1  35.5 293.5  45.0 1.77E-04 001.9 103.6  33.1 0.292670 0.300629 0.417352 hargrave 2017-02-06 14:18:33 
TT 640 293.0  37.1 293.3  46.6 9.75E-05 004.4 104.2  34.6 0.660008 0.272329 0.256348 hargrave 2017-02-08 12:41:45 
TT 655 294.9  36.6 295.5  46.1 7.44E-05 001.9 105.7  33.6 0.142458 0.133067 0.156297 hargrave 2017-02-08 22:08:09 
TT 665 296.1  37.8 297.0  47.2 5.59E-05 002.0 107.4  34.3 0.126977 0.084768 0.126637 hargrave 2017-02-09 15:18:41 
TT 675 295.8  36.9 296.6  46.4 4.57E-05 003.5 106.7  33.6 0.225303 0.133791 0.103773 hargrave 2017-02-13 18:02:05 
TT 680 300.6  37.1 302.1  46.4 2.67E-05 003.9 110.9  32.3 0.148074 0.099561 0.054244 hargrave 2017-02-14 22:43:39 
