GB19- 2a sun compass orientation
 253.95 215.9  18.0  20.7   9.5   1.0
NRM    298.9  36.8 300.1  46.2 3.66E-03 004.9 174.0  18.9 5.620706 21.51473 22.20745 hargrave 2016-09-01 11:21:29 
LTD    300.3  36.9 301.8  46.2 3.62E-03 004.5 175.3  18.9 2.656325 27.53102 7.689655 hargrave 2016-11-10 10:42:36 
TT 100 300.3  36.7 301.8  46.1 3.62E-03 002.0 175.2  18.8 4.152379 5.702107 10.90962 hargrave 2016-11-16 16:48:09 
TT 200 301.7  36.4 303.4  45.7 3.55E-03 001.9 176.4  18.5 4.004816 3.898116 10.18787 hargrave 2016-11-21 16:51:10 
TT 300 304.4  36.6 306.5  45.8 3.41E-03 004.2 178.7  18.6 3.724092 23.43722 8.619905 hargrave 2016-12-09 23:27:05 
TT 350 296.5  36.4 297.4  45.8 3.25E-03 001.9 172.0  18.6 5.255826 3.711518 8.893744 hargrave 2016-12-17 14:07:13 
TT 400 296.5  36.3 297.4  45.8 3.19E-03 002.9 172.0  18.6 5.091259 4.152138 14.62457 hargrave 2017-01-05 12:30:24 
TT 425 296.0  36.3 296.9  45.8 3.12E-03 004.2 171.6  18.5 4.688057 14.66867 17.10556 hargrave 2017-01-06 16:02:57 
TT 450 297.8  36.6 298.9  46.0 3.08E-03 003.4 173.2  18.7 4.411289 8.935285 15.14240 hargrave 2017-01-09 17:06:55 
TT 475 298.3  36.6 299.5  46.0 3.02E-03 003.3 173.6  18.8 5.894222 3.582081 15.90071 hargrave 2017-01-10 17:10:07 
TT 500 295.7  36.4 296.4  45.9 2.94E-03 003.7 171.3  18.6 3.974860 9.712857 15.84153 hargrave 2017-01-11 19:45:48 
TT 525 298.1  36.8 299.2  46.2 2.81E-03 003.1 173.4  18.9 2.718621 13.67841 6.251869 hargrave 2017-01-15 19:13:36 
TT 550 299.6  36.8 301.0  46.2 2.60E-03 002.1 174.7  18.9 2.428462 6.550945 6.354821 hargrave 2017-01-18 14:51:22 
TT 560 298.4  36.9 299.6  46.3 2.45E-03 002.1 173.6  19.1 2.057990 7.001937 5.413810 hargrave 2017-01-19 01:24:24 
TT 570 299.3  36.9 300.7  46.3 2.28E-03 002.7 174.4  19.0 2.009321 9.210102 5.391396 hargrave 2017-01-19 16:18:33 
TT 575 297.6  36.9 298.7  46.3 2.16E-03 004.2 173.0  19.1 1.618654 14.88443 5.599354 hargrave 2017-01-20 14:15:49 
TT 580 295.6  36.8 296.4  46.3 2.05E-03 002.4 171.3  19.1 1.879387 7.384132 4.427172 hargrave 2017-01-22 13:41:36 
TT 595 296.9  36.9 297.9  46.4 1.85E-03 001.6 172.4  19.1 2.015624 2.268472 4.128594 hargrave 2017-02-01 16:32:03 
TT 610 296.3  37.0 297.2  46.5 1.12E-03 002.5 171.9  19.2 0.982156 4.102827 2.424856 hargrave 2017-02-02 15:26:58 
TT 625 297.1  37.3 298.1  46.7 2.72E-04 001.9 172.6  19.5 0.389660 0.424418 0.716653 hargrave 2017-02-06 14:16:54 
TT 640 299.5  37.2 300.9  46.5 1.51E-04 001.8 174.6  19.3 0.165750 0.362534 0.295002 hargrave 2017-02-08 12:39:44 
TT 655 297.7  38.1 298.9  47.6 1.16E-04 002.8 173.1  20.3 0.150659 0.421903 0.354996 hargrave 2017-02-08 22:06:52 
TT 665 298.7  37.8 300.0  47.2 9.44E-05 001.9 173.9  19.9 0.105828 0.114279 0.288803 hargrave 2017-02-09 15:17:19 
TT 675 297.9  37.4 299.1  46.9 7.71E-05 001.6 173.3  19.6 0.076192 0.109951 0.181564 hargrave 2017-02-13 18:00:36 
TT 680 298.1  37.7 299.3  47.1 4.29E-05 002.0 173.4  19.8 0.052265 0.117590 0.098347 hargrave 2017-02-14 22:42:11 
