GB19- 5a sun compass orientation
 254.15 260.8  10.0  20.7   9.5   1.0
NRM    301.9  36.0 303.6  45.3 2.52E-03 001.4 135.7  29.1 3.988049 4.828358 1.999811 hargrave 2016-09-01 11:27:10 
LTD    296.8  35.8 297.8  45.3 2.47E-03 002.0 131.1  29.6 4.420942 2.775310 7.102779 hargrave 2016-11-10 10:50:16 
TT 100 311.5  37.3 314.7  46.1 2.45E-03 006.5 144.7  29.4 13.80868 23.69022 6.241605 hargrave 2016-11-16 16:53:47 
TT 200 299.2  35.1 300.5  44.5 2.31E-03 003.5 133.1  28.5 10.78024 6.362577 6.278842 hargrave 2016-11-21 16:56:52 
TT 300 309.1  35.9 311.9  44.9 2.09E-03 001.8 142.4  28.2 2.600353 2.790740 5.382979 hargrave 2016-12-09 23:34:15 
TT 350 299.2  34.6 300.4  44.0 1.93E-03 004.3 133.0  28.0 8.048513 10.47600 5.779734 hargrave 2016-12-17 14:11:49 
TT 400 302.0  34.2 303.6  43.5 1.85E-03 001.3 135.5  27.3 2.311647 1.677870 3.259502 hargrave 2017-01-05 12:37:50 
TT 425 301.6  34.1 303.2  43.4 1.78E-03 002.1 135.2  27.3 4.461598 4.282601 2.493425 hargrave 2017-01-06 16:09:31 
TT 450 300.3  33.7 301.7  43.0 1.71E-03 002.4 133.9  27.0 5.385220 4.293146 2.427202 hargrave 2017-01-09 17:13:30 
TT 475 300.2  33.5 301.6  42.8 1.63E-03 001.3 133.8  26.8 2.608356 1.723921 2.157878 hargrave 2017-01-10 17:17:38 
TT 500 302.4  34.1 304.1  43.3 1.55E-03 001.4 135.9  27.1 2.508531 1.960867 2.167945 hargrave 2017-01-11 19:51:55 
TT 525 304.9  35.5 307.1  44.7 1.41E-03 002.8 138.5  28.3 4.677215 2.251258 4.576334 hargrave 2017-01-15 19:20:49 
TT 550 301.9  34.9 303.5  44.2 1.24E-03 003.9 135.5  28.1 6.514038 4.120907 3.822776 hargrave 2017-01-18 14:58:51 
TT 560 302.5  35.0 304.3  44.2 1.15E-03 003.2 136.2  28.0 4.770984 2.864333 3.350565 hargrave 2017-01-19 01:32:35 
TT 570 302.4  35.1 304.2  44.3 1.05E-03 003.9 136.1  28.1 5.434896 3.376660 3.459233 hargrave 2017-01-19 16:26:02 
TT 575 303.0  35.1 304.8  44.4 9.84E-04 003.7 136.6  28.1 4.694349 3.604818 2.478731 hargrave 2017-01-20 14:23:37 
TT 580 300.1  34.7 301.5  44.1 9.21E-04 003.8 133.9  28.1 4.660405 2.769745 2.789537 hargrave 2017-01-22 13:49:46 
TT 595 298.5  34.8 299.7  44.2 7.40E-04 004.1 132.4  28.3 2.676242 3.928342 2.424616 hargrave 2017-02-01 16:40:23 
TT 610 299.5  34.7 300.8  44.1 4.89E-04 002.3 133.3  28.1 0.641356 1.000226 1.589387 hargrave 2017-02-02 15:35:17 
TT 625 296.6  34.6 297.5  44.1 1.89E-04 003.0 130.7  28.4 0.426239 0.684199 0.602891 hargrave 2017-02-06 14:23:13 
TT 640 301.9  35.2 303.5  44.5 1.27E-04 003.0 135.6  28.3 0.339670 0.467184 0.333369 hargrave 2017-02-08 12:46:03 
TT 655 302.7  35.6 304.4  44.9 1.02E-04 002.3 136.4  28.6 0.254679 0.151647 0.292398 hargrave 2017-02-08 22:12:20 
TT 665 307.9  36.7 310.5  45.7 8.45E-05 003.1 141.3  29.1 0.110841 0.407575 0.227528 hargrave 2017-02-09 15:23:06 
TT 675 300.6  34.5 302.0  43.8 6.49E-05 002.9 134.3  27.8 0.159012 0.259763 0.156064 hargrave 2017-02-13 18:07:20 
TT 680 303.4  35.0 305.3  44.2 4.86E-05 004.3 137.0  27.9 0.165859 0.298440 0.125633 hargrave 2017-02-14 22:48:01 
