AP3- 6a mag compass orientation (IGRF corrected)
   38.8 123.3  33.0  70.3  13.0 1.0
NRM    111.9 -48.9 097.8 -56.4 1.83E-02 002.5 051.1 -34.2 59.13649 50.59494 12.31426 hargrave 2016-04-08 16:53:00
LN2    110.5 -49.9 095.6 -57.0 1.82E-02 002.9 049.5 -34.3 67.70082 61.81761 13.02794 hargrave 2016-04-11 17:14:05
TT 100 114.2 -48.6 100.5 -56.5 1.80E-02 000.9 052.7 -34.9 18.12937 19.86340 11.19335 hargrave 2016-04-18 09:52:56
TT 200 112.2 -50.2 097.4 -57.6 1.82E-02 002.1 050.3 -35.2 48.02937 43.35145 11.49708 hargrave 2016-04-18 17:07:55
TT 300 113.6 -49.6 099.3 -57.4 1.81E-02 002.0 051.6 -35.4 47.66864 42.33452 12.58255 hargrave 2016-04-19 12:54:20
TT 350 114.8 -49.1 101.0 -57.1 1.77E-02 001.3 052.7 -35.5 26.88267 26.37929 14.34405 hargrave 2016-04-25 12:35:19
TT 400 114.9 -49.6 100.8 -57.6 1.68E-02 001.3 052.4 -35.9 29.15038 25.12288 12.45893 hargrave 2016-04-26 09:30:36
TT 450 113.8 -50.0 099.4 -57.7 1.58E-02 001.0 051.4 -35.8 18.49514 21.49642 10.64504 hargrave 2016-04-26 16:58:38
TT 475 113.0 -50.6 098.1 -58.2 1.52E-02 002.4 050.5 -35.9 51.31923 39.28076 12.50122 hargrave 2016-05-02 13:53:33
TT 500 115.7 -49.3 102.0 -57.5 1.46E-02 001.3 053.1 -36.1 26.35395 21.04766 9.954184 hargrave 2016-05-02 20:14:15
TT 525 113.3 -50.5 098.5 -58.1 1.35E-02 001.7 050.7 -35.9 32.42910 24.57981 9.029617 hargrave 2016-05-03 19:07:53
TT 550 113.1 -50.6 098.2 -58.2 1.10E-02 001.2 050.5 -35.9 15.56224 15.75371 7.330433 hargrave 2016-05-12 14:49:21
TT 560 113.4 -50.5 098.6 -58.2 8.54E-03 001.2 050.8 -36.0 12.77594 11.46165 6.425051 hargrave 2016-05-16 12:27:43
TT 570 113.9 -50.3 099.2 -58.1 5.03E-03 001.5 051.2 -36.0 10.39908 8.041722 4.587460 hargrave 2016-05-16 18:28:07
TT 575 114.8 -50.3 100.3 -58.3 3.77E-03 003.7 051.7 -36.4 19.14190 14.34838 3.427102 hargrave 2016-05-17 14:47:49 
TT 580 114.7 -49.5 100.6 -57.5 3.42E-03 001.3 052.3 -35.8 6.044865 5.370222 2.138375 hargrave 2016-05-18 11:39:31
