AP3- 3a mag compass orientation (IGRF corrected)
   38.8 334.3  12.0  70.3  13.0 1.0
NRM    107.3 -35.9 098.2 -43.0 8.68E-03 002.1 230.4 -44.2 25.48568 10.43876 15.78855 hargrave 2016-04-08 16:45:50
LN2    105.9 -36.3 096.6 -43.0 8.17E-03 002.0 228.9 -44.8 20.15345 10.74839 16.77196 hargrave 2016-04-11 17:05:58
TT 100 108.3 -40.0 097.8 -47.1 8.70E-03 002.8 232.7 -48.1 38.71800 11.80579 15.29431 hargrave 2016-04-18 09:46:47
TT 200 112.2 -45.9 099.6 -53.5 9.86E-03 001.9 239.2 -53.1 23.54857 16.58852 15.64141 hargrave 2016-04-18 17:01:16
TT 300 113.2 -47.5 100.0 -55.3 8.83E-03 001.9 241.2 -54.5 23.21109 12.17822 12.92048 hargrave 2016-04-19 12:47:43
TT 350 113.4 -48.2 099.8 -55.9 7.61E-03 002.0 241.6 -55.1 21.97877 12.03089 11.60976 hargrave 2016-04-25 12:27:20
TT 400 113.8 -48.0 100.4 -55.8 6.92E-03 002.0 242.0 -54.8 18.94935 12.50783 10.77828 hargrave 2016-04-26 09:21:42
TT 450 115.2 -48.8 101.6 -56.9 6.24E-03 001.8 243.9 -55.3 11.76735 13.51768 9.168852 hargrave 2016-04-26 16:51:30
TT 475 114.9 -48.0 101.7 -56.0 5.65E-03 001.6 243.2 -54.6 13.36171 7.893064 5.497703 hargrave 2016-05-02 13:44:46
TT 500 114.9 -48.7 101.3 -56.8 5.11E-03 001.6 243.5 -55.3 9.984049 8.296061 7.083960 hargrave 2016-05-02 20:07:07
TT 525 115.3 -48.6 101.8 -56.8 4.30E-03 001.8 244.0 -55.2 7.578062 9.484609 6.472263 hargrave 2016-05-03 19:00:45
TT 550 113.7 -48.8 099.9 -56.6 2.80E-03 001.7 242.3 -55.6 6.369036 4.713799 3.871439 hargrave 2016-05-12 14:43:00
TT 560 113.7 -48.2 100.2 -56.1 2.01E-03 001.8 242.0 -55.0 4.073057 3.978215 3.222300 hargrave 2016-05-16 12:21:23
TT 570 113.1 -48.8 099.2 -56.5 1.60E-03 001.7 241.6 -55.7 3.551806 2.667025 2.307245 hargrave 2016-05-16 18:21:48
TT 575 111.2 -48.7 097.1 -56.0 1.41E-03 001.8 239.4 -56.0 2.619938 2.922113 2.225280 hargrave 2016-05-17 14:41:31 
TT 580 113.4 -49.1 099.3 -56.9 1.29E-03 001.9 242.1 -56.0 2.619146 2.708714 2.103219 hargrave 2016-05-18 11:32:08
