AP3- 7a mag compass orientation (IGRF corrected)
   39.2 116.3  23.0  70.3  13.0 1.0
NRM    106.4 -42.1 095.0 -48.8 4.07E-03 002.6 062.6 -34.6 15.07565 10.99007 3.290952 hargrave 2016-04-08 16:54:35
LN2    108.9 -42.4 097.5 -49.5 4.07E-03 001.5 064.4 -35.7 7.795045 7.142537 2.791845 hargrave 2016-04-11 17:15:40
TT 100 109.1 -46.3 096.0 -53.4 4.21E-03 003.9 062.1 -39.2 24.49761 15.44721 3.365537 hargrave 2016-04-18 09:54:13
TT 200 112.8 -50.8 097.7 -58.3 4.77E-03 002.8 061.8 -44.3 19.49118 12.50385 3.217989 hargrave 2016-04-18 17:09:12
TT 300 114.2 -51.9 098.6 -59.6 4.70E-03 002.6 061.9 -45.7 18.10109 11.81153 3.789298 hargrave 2016-04-19 12:55:41
TT 350 112.3 -53.4 095.5 -60.7 4.56E-03 003.1 059.4 -46.3 19.78460 15.22676 4.257696 hargrave 2016-04-25 12:36:54
TT 400 113.7 -53.7 096.9 -61.2 4.32E-03 003.0 060.1 -47.0 19.15963 11.99117 3.987280 hargrave 2016-04-26 09:32:11
TT 450 113.6 -53.9 096.6 -61.5 4.02E-03 002.2 059.9 -47.2 12.76817 8.162554 4.362923 hargrave 2016-04-26 17:00:14
TT 475 112.3 -54.9 094.4 -62.1 3.82E-03 004.1 058.1 -47.5 24.11496 11.54773 5.480031 hargrave 2016-05-02 13:55:09
TT 500 115.2 -53.7 098.7 -61.5 3.64E-03 003.5 061.2 -47.5 19.44540 10.19965 4.038176 hargrave 2016-05-02 20:15:55
TT 525 113.5 -54.4 096.1 -61.9 3.36E-03 003.5 059.4 -47.5 18.16008 9.150985 4.028801 hargrave 2016-05-03 19:09:29
TT 550 114.3 -54.5 097.0 -62.2 2.79E-03 002.0 059.9 -47.9 8.202040 5.170409 3.022643 hargrave 2016-05-12 14:50:57
TT 560 114.0 -55.4 096.0 -62.9 2.30E-03 002.8 058.9 -48.5 9.529199 5.902203 2.455628 hargrave 2016-05-16 12:29:18
TT 570 111.7 -56.9 092.0 -63.8 1.59E-03 004.1 055.9 -48.9 8.848259 7.043565 1.314967 hargrave 2016-05-16 18:29:42
TT 575 112.7 -54.6 095.0 -61.9 1.33E-03 003.0 058.6 -47.4 5.952862 3.582775 1.457225 hargrave 2016-05-17 14:49:25 
TT 580 112.4 -53.8 095.2 -61.1 1.22E-03 002.4 059.1 -46.7 4.415978 2.339872 1.333237 hargrave 2016-05-18 11:41:08
