AP3- 2a mag compass orientation (IGRF corrected)
   36.6 178.3  85.0  70.3  13.0 1.0
NRM    119.5 -47.0 107.5 -56.0 1.43E-02 000.9 024.4  31.2 14.53645 14.10609 12.51612 hargrave 2016-04-08 16:44:16
LN2    118.9 -47.9 106.4 -56.7 1.38E-02 001.6 023.4  30.7 21.61147 29.52531 13.13689 hargrave 2016-04-11 17:02:44
TT 100 121.7 -46.9 110.2 -56.2 1.39E-02 002.9 025.9  30.3 35.63933 60.65923 12.40236 hargrave 2016-04-18 09:45:31
TT 200 123.3 -47.0 112.1 -56.6 1.43E-02 001.3 026.7  29.5 21.00515 23.97816 12.39637 hargrave 2016-04-18 16:59:19
TT 300 121.0 -48.6 108.5 -57.8 1.30E-02 000.9 024.2  29.3 12.80886 12.13240 11.23622 hargrave 2016-04-19 12:45:46
TT 350 123.3 -47.2 112.0 -56.8 1.18E-02 001.2 026.6  29.4 16.15144 14.97933 15.93698 hargrave 2016-04-25 12:25:46
TT 400 123.6 -47.1 112.3 -56.7 1.11E-02 001.3 026.8  29.3 13.93565 16.92186 14.13763 hargrave 2016-04-26 09:19:17
TT 450 121.9 -48.1 109.8 -57.5 1.02E-02 001.1 025.1  29.3 12.74526 10.38754 12.08084 hargrave 2016-04-26 16:49:56
TT 475 122.5 -47.7 110.8 -57.2 9.47E-03 001.5 025.7  29.3 13.59786 17.38498 10.49935 hargrave 2016-05-02 13:43:13
TT 500 121.9 -48.1 109.8 -57.5 8.67E-03 001.0 025.0  29.3 10.45366 10.13465 9.481220 hargrave 2016-05-02 20:05:33
TT 525 121.3 -48.3 109.0 -57.6 7.11E-03 001.0 024.5  29.4 7.704321 7.001327 7.755206 hargrave 2016-05-03 18:59:12
TT 550 121.8 -48.1 109.7 -57.4 4.91E-03 001.1 025.0  29.3 6.261964 5.608750 5.572501 hargrave 2016-05-12 14:40:35
TT 560 120.3 -48.3 107.9 -57.4 3.60E-03 001.3 024.0  29.8 4.637629 6.088108 4.319690 hargrave 2016-05-16 12:19:49
TT 570 119.8 -48.5 107.1 -57.5 2.96E-03 001.3 023.5  29.8 4.819927 3.993328 3.667472 hargrave 2016-05-16 18:20:10
TT 575 120.0 -48.3 107.4 -57.3 2.58E-03 001.7 023.7  29.9 4.794475 5.688058 3.175856 hargrave 2016-05-17 14:39:57 
TT 580 121.3 -47.3 109.6 -56.6 2.35E-03 001.1 025.3  30.2 2.967585 2.686342 2.872324 hargrave 2016-05-18 11:30:31
