AP3- 4a mag compass orientation (IGRF corrected)
   38.7 340.3  18.0  70.3  13.0 1.0
NRM    120.6 -39.6 111.7 -49.0 1.86E-02 001.5 245.4 -49.3 43.18760 21.80140 14.13526 hargrave 2016-04-08 16:47:27
LN2    121.7 -39.5 113.0 -49.0 1.64E-02 002.2 246.5 -48.9 56.43477 27.13673 13.09627 hargrave 2016-04-11 17:07:35
TT 100 122.6 -40.7 113.6 -50.4 1.67E-02 002.9 248.2 -49.8 75.59184 36.96783 14.70559 hargrave 2016-04-18 09:48:10
TT 200 123.0 -44.7 112.7 -54.4 1.82E-02 001.3 251.3 -53.4 31.48343 22.73344 14.57104 hargrave 2016-04-18 17:02:39
TT 300 123.8 -45.8 113.2 -55.6 1.76E-02 002.1 252.9 -54.1 56.42354 30.52895 15.28379 hargrave 2016-04-19 12:49:47
TT 350 125.2 -46.6 114.5 -56.5 1.62E-02 001.6 254.9 -54.4 33.55810 26.29678 23.48903 hargrave 2016-04-25 12:28:57
TT 400 125.2 -46.3 114.6 -56.3 1.47E-02 001.6 254.7 -54.2 30.14383 26.04659 18.24549 hargrave 2016-04-26 09:25:02
TT 450 125.9 -46.8 115.3 -56.8 1.32E-02 001.8 255.9 -54.3 32.31104 23.62777 16.61190 hargrave 2016-04-26 16:53:07
TT 475 126.2 -47.6 115.4 -57.6 1.19E-02 001.6 256.8 -54.9 24.22044 17.75790 13.42352 hargrave 2016-05-02 13:47:13
TT 500 124.1 -46.4 113.3 -56.2 1.07E-02 001.5 253.7 -54.5 19.16685 15.80519 13.27506 hargrave 2016-05-02 20:08:44
TT 525 121.5 -45.6 110.5 -55.0 9.15E-03 002.4 250.3 -54.6 31.71839 20.10622 9.849651 hargrave 2016-05-03 19:02:22
TT 550 124.0 -46.5 113.0 -56.3 5.96E-03 001.6 253.6 -54.7 12.14342 9.543704 7.296258 hargrave 2016-05-12 14:44:37
TT 560 124.9 -46.3 114.3 -56.2 4.55E-03 001.6 254.4 -54.2 9.030668 6.931691 6.541715 hargrave 2016-05-16 12:23:00
TT 570 124.6 -47.0 113.6 -56.9 3.86E-03 001.6 254.6 -55.0 7.725010 5.915029 5.542599 hargrave 2016-05-16 18:23:25
TT 575 123.4 -47.1 112.1 -56.7 3.47E-03 001.8 253.4 -55.4 9.018022 4.761992 4.647310 hargrave 2016-05-17 14:43:08 
TT 580 125.5 -47.6 114.4 -57.5 3.18E-03 001.8 256.0 -55.2 7.793442 4.734346 4.202969 hargrave 2016-05-18 11:34:40
