GB15- 7a sun compass orientation
 243.45   7.7  18.0  20.7   9.5   1.0
NRM    299.5  35.4 300.8  44.8 9.49E-04 001.7 029.3  51.7 1.985498 1.339067 1.570171 hargrave 2016-09-01 10:35:07 
LN2    297.3  35.4 298.3  44.9 9.38E-04 001.4 026.4  52.0 1.477009 1.514745 1.235965 hargrave 2016-09-04 18:05:36 
TT 100 301.0  35.8 302.6  45.1 9.35E-04 002.0 031.3  51.8 1.849682 2.540547 0.809469 hargrave 2016-11-16 15:44:34 
TT 200 300.1  35.4 301.5  44.8 9.30E-04 002.1 030.0  51.6 1.884990 2.838408 0.929101 hargrave 2016-11-21 16:01:30 
TT 300 299.5  35.3 300.8  44.6 9.08E-04 003.2 029.2  51.6 2.751396 4.198932 0.808733 hargrave 2016-12-09 22:41:36 
TT 350 301.8  34.9 303.5  44.2 8.67E-04 002.5 032.1  50.8 2.447554 2.916151 0.900578 hargrave 2016-12-16 11:24:40 
TT 400 301.1  34.9 302.6  44.2 8.44E-04 001.5 031.2  51.0 1.309162 1.366075 1.164656 hargrave 2017-01-05 11:45:36 
TT 425 302.2  34.9 303.8  44.2 8.20E-04 001.8 032.5  50.8 1.419795 1.904325 1.210655 hargrave 2017-01-06 15:19:57 
TT 450 300.6  34.6 302.1  43.9 8.06E-04 001.7 030.4  50.7 1.237431 1.729476 1.058684 hargrave 2017-01-09 16:22:37 
TT 475 299.5  34.4 300.8  43.7 7.86E-04 001.7 029.0  50.7 1.221249 1.749834 1.115548 hargrave 2017-01-10 16:28:29 
TT 500 300.8  34.6 302.2  43.9 7.57E-04 001.7 030.6  50.7 1.444057 1.303921 1.182237 hargrave 2017-01-11 19:08:25 
TT 525 298.6  34.9 299.7  44.3 7.02E-04 002.6 027.9  51.3 2.377750 1.972850 1.156044 hargrave 2017-01-15 18:29:39 
TT 550 300.1  35.1 301.5  44.4 6.13E-04 002.5 029.9  51.3 2.009449 1.516097 1.019617 hargrave 2017-01-18 14:08:49 
TT 560 300.8  35.1 302.3  44.5 5.63E-04 001.8 030.8  51.2 1.240482 1.019231 0.891421 hargrave 2017-01-19 00:39:55 
TT 570 301.5  35.5 303.1  44.8 4.91E-04 002.5 031.8  51.5 1.607746 1.184864 0.861958 hargrave 2017-01-19 15:35:57 
TT 575 301.7  35.3 303.4  44.6 4.64E-04 002.1 032.1  51.3 1.081679 1.287356 0.512044 hargrave 2017-01-20 13:27:59 
TT 580 300.7  35.1 302.2  44.4 4.34E-04 002.5 030.7  51.2 1.438708 1.090823 0.680691 hargrave 2017-01-22 12:57:38 
TT 595 300.5  35.2 302.0  44.6 3.69E-04 001.9 030.5  51.4 0.851584 0.680763 0.678548 hargrave 2017-02-01 15:51:18 
TT 610 298.0  35.1 299.1  44.5 3.01E-04 002.7 027.2  51.6 0.535496 1.208955 0.575794 hargrave 2017-02-02 14:46:01 
TT 625 300.2  34.9 301.6  44.3 2.26E-04 002.0 030.0  51.1 0.572379 0.491019 0.389065 hargrave 2017-02-06 13:43:43 
TT 640 300.9  35.2 302.4  44.6 1.65E-04 001.7 031.0  51.3 0.432386 0.216303 0.219598 hargrave 2017-02-08 12:04:43 
TT 655 301.7  35.0 303.3  44.3 9.63E-05 001.4 031.9  50.9 0.163295 0.138262 0.137064 hargrave 2017-02-08 21:30:29 
TT 665 298.7  35.2 299.9  44.6 6.35E-05 001.5 028.1  51.6 0.116031 0.105742 0.079015 hargrave 2017-02-09 14:42:34 
TT 675 301.7  36.2 303.4  45.5 4.77E-05 002.2 032.3  52.1 0.133991 0.112415 0.078693 hargrave 2017-02-13 17:17:40 
TT 680 301.0  37.0 302.7  46.3 3.40E-05 001.8 031.7  53.0 0.065507 0.064525 0.069888 hargrave 2017-02-14 22:00:31 
