GB15- 3a mag compass orientation (IGRF corrected)
    244 110.5  13.0  20.7   9.5   1.0
NRM    303.7  33.8 305.6  43.1 9.73E-04 001.2 274.3  35.8 1.150098 1.392499 1.105235 hargrave 2016-09-01 10:29:11 
LN2    300.8  33.5 302.2  42.9 9.66E-04 001.9 271.5  34.9 2.660318 1.709702 1.491280 hargrave 2016-09-04 17:59:43 
TT 100 301.4  33.3 302.9  42.6 9.60E-04 002.5 272.1  34.8 3.690967 1.329834 1.705625 hargrave 2016-11-16 15:15:35 
TT 200 302.8  32.9 304.4  42.2 9.58E-04 002.4 273.6  34.7 3.403716 1.461363 1.769519 hargrave 2016-11-21 15:54:18 
TT 300 301.8  32.5 303.3  41.8 9.38E-04 004.4 272.8  34.2 7.055822 1.507043 1.400470 hargrave 2016-12-09 22:33:01 
TT 350 304.4  32.6 306.2  41.8 9.01E-04 003.0 275.3  34.8 4.039783 1.657827 1.953232 hargrave 2016-12-16 11:14:55 
TT 400 301.0  33.8 302.4  43.1 9.00E-04 001.4 271.5  35.2 1.278009 1.577627 1.181749 hargrave 2017-01-05 11:37:35 
TT 425 302.2  33.7 303.9  43.0 8.75E-04 002.0 272.8  35.4 2.300022 1.722759 1.469142 hargrave 2017-01-06 15:11:04 
TT 450 304.6  33.2 306.5  42.4 8.63E-04 003.0 275.3  35.4 4.070046 1.709806 1.101873 hargrave 2017-01-09 16:13:45 
TT 475 304.3  33.4 306.1  42.6 8.47E-04 002.5 274.9  35.5 3.281526 1.559117 1.163630 hargrave 2017-01-10 16:20:43 
TT 500 303.8  33.2 305.6  42.4 8.25E-04 001.6 274.5  35.2 1.669631 1.491959 1.101120 hargrave 2017-01-11 19:01:02 
TT 525 302.1  32.1 303.6  41.4 7.79E-04 001.7 273.2  33.8 1.437431 1.375846 1.225776 hargrave 2017-01-15 18:20:46 
TT 550 304.1  31.6 305.8  40.9 7.00E-04 001.5 275.3  33.8 0.930707 1.126953 1.133653 hargrave 2017-01-18 14:00:08 
TT 560 303.5  31.6 305.2  40.8 6.56E-04 001.5 274.8  33.6 1.045842 1.105950 0.996649 hargrave 2017-01-19 00:31:10 
TT 570 303.1  31.9 304.7  41.1 6.05E-04 001.4 274.2  33.8 0.736750 0.966771 0.954639 hargrave 2017-01-19 15:27:15 
TT 575 302.4  32.5 303.9  41.8 5.80E-04 002.6 273.4  34.3 2.292095 0.876560 1.081543 hargrave 2017-01-20 13:21:48 
TT 580 303.9  31.4 305.6  40.6 5.62E-04 001.4 275.2  33.5 0.700257 0.943593 0.907411 hargrave 2017-01-22 12:48:51 
TT 595 301.3  32.1 302.7  41.4 5.51E-04 002.3 272.4  33.6 1.877698 0.835989 0.829810 hargrave 2017-02-01 15:44:42 
TT 610 300.5  32.3 301.8  41.6 4.90E-04 002.2 271.6  33.6 1.612222 0.691757 0.688810 hargrave 2017-02-02 14:39:30 
TT 625 302.2  31.8 303.7  41.0 3.97E-04 001.5 273.4  33.5 0.707950 0.571400 0.567689 hargrave 2017-02-06 13:37:38 
TT 640 304.5  30.7 306.3  39.9 3.20E-04 005.0 276.1  33.0 2.737330 0.540961 0.462737 hargrave 2017-02-08 11:57:38 
TT 655 301.8  31.3 303.2  40.6 1.80E-04 004.8 273.2  33.0 1.496739 0.284277 0.239742 hargrave 2017-02-08 21:23:46 
TT 665 303.3  31.0 304.9  40.2 9.48E-05 002.2 274.8  33.0 0.318371 0.144432 0.145720 hargrave 2017-02-09 14:37:27 
TT 675 301.7  30.9 303.1  40.2 7.37E-05 004.5 273.2  32.6 0.555260 0.134018 0.130566 hargrave 2017-02-13 17:09:03 
TT 680 305.6  29.6 307.3  38.7 4.73E-05 006.0 277.4  32.1 0.486814 0.074871 0.086528 hargrave 2017-02-14 21:52:06 
