GB15- 6a sun compass orientation
  243.3 114.5  28.0  20.7   9.5   1.0
NRM    298.6  37.1 299.8  46.4 1.76E-03 001.2 253.7  34.0 1.694883 2.285787 2.493710 hargrave 2016-09-01 10:33:37 
LN2    298.4  36.4 299.6  45.8 1.75E-03 002.7 254.0  33.3 7.564359 3.195361 2.041922 hargrave 2016-09-04 18:04:07 
TT 100 299.8  35.1 301.1  44.4 1.74E-03 001.2 256.0  32.9 1.991725 2.518725 2.218438 hargrave 2016-11-16 15:20:14 
TT 200 299.1  35.7 300.4  45.0 1.73E-03 001.9 255.1  33.1 4.765057 2.165877 2.733290 hargrave 2016-11-21 15:59:00 
TT 300 298.5  35.7 299.7  45.1 1.70E-03 004.8 254.6  32.8 13.37405 4.311001 2.065820 hargrave 2016-12-09 22:39:59 
TT 350 301.4  35.1 303.0  44.4 1.63E-03 002.8 257.3  33.7 6.399213 3.053972 3.443186 hargrave 2016-12-16 11:23:09 
TT 400 303.8  33.9 305.6  43.1 1.61E-03 003.5 260.1  33.7 9.117759 3.972281 1.830786 hargrave 2017-01-05 11:44:04 
TT 425 305.5  32.9 307.4  42.1 1.57E-03 002.1 262.1  33.7 4.657808 3.268764 1.915926 hargrave 2017-01-06 15:18:18 
TT 450 299.5  36.7 300.8  46.0 1.54E-03 002.0 254.7  34.0 4.581368 2.454648 1.951409 hargrave 2017-01-09 16:20:59 
TT 475 300.9  36.0 302.4  45.3 1.50E-03 001.3 256.2  34.1 1.765715 2.599896 1.880063 hargrave 2017-01-10 16:27:00 
TT 500 299.3  36.3 300.7  45.7 1.43E-03 002.4 254.8  33.7 5.093326 2.430723 2.503438 hargrave 2017-01-11 19:07:02 
TT 525 296.9  36.5 297.9  45.9 1.30E-03 001.7 252.8  32.7 2.942468 2.156455 1.482763 hargrave 2017-01-15 18:28:01 
TT 550 299.4  34.9 300.7  44.3 1.09E-03 001.5 255.8  32.6 2.086239 1.786141 1.196517 hargrave 2017-01-18 14:07:19 
TT 560 299.7  34.9 301.1  44.3 1.00E-03 001.4 256.0  32.7 1.652952 1.422131 1.189848 hargrave 2017-01-19 00:38:17 
TT 570 301.1  34.2 302.6  43.5 8.80E-04 001.5 257.6  32.8 1.763795 1.270491 1.140328 hargrave 2017-01-19 15:34:23 
TT 575 299.3  35.9 300.6  45.3 8.28E-04 003.1 255.0  33.4 4.058953 1.186392 1.329549 hargrave 2017-01-20 13:26:24 
TT 580 300.8  34.4 302.2  43.7 7.77E-04 001.9 257.2  32.8 2.213509 1.136809 0.967611 hargrave 2017-01-22 12:56:01 
TT 595 301.5  33.8 303.0  43.1 6.82E-04 002.6 258.2  32.6 2.800662 1.328431 0.789603 hargrave 2017-02-01 15:49:48 
TT 610 297.9  35.8 299.0  45.2 5.42E-04 003.9 254.0  32.6 3.422049 1.269393 0.552829 hargrave 2017-02-02 14:44:32 
TT 625 297.5  36.1 298.6  45.5 3.93E-04 002.0 253.5  32.7 1.201649 0.685477 0.340679 hargrave 2017-02-06 13:42:32 
TT 640 301.1  33.7 302.5  43.0 2.99E-04 001.9 258.0  32.3 0.737725 0.651135 0.326290 hargrave 2017-02-08 12:03:25 
TT 655 299.7  34.6 301.0  44.0 1.76E-04 001.0 256.2  32.5 0.167673 0.249503 0.172291 hargrave 2017-02-08 21:29:10 
TT 665 299.3  33.9 300.6  43.3 1.16E-04 002.0 256.4  31.7 0.340527 0.210997 0.126984 hargrave 2017-02-09 14:41:10 
TT 675 297.7  35.0 298.7  44.5 9.43E-05 003.5 254.3  31.9 0.542493 0.209074 0.108965 hargrave 2017-02-13 17:16:05 
TT 680 300.9  33.4 302.3  42.7 7.01E-05 002.3 258.0  32.0 0.238577 0.120975 0.104772 hargrave 2017-02-14 21:58:57 
