GB15- 4a sun compass orientation
 243.15 125.0  24.0  20.7   9.5   1.0
NRM    298.4  38.4 299.7  47.8 1.18E-03 001.7 246.7  32.1 3.029554 1.631574 0.977923 hargrave 2016-09-01 10:30:40 
LN2    297.3  38.4 298.4  47.8 1.16E-03 001.7 245.9  31.6 2.842885 2.294192 0.880436 hargrave 2016-09-04 18:01:11 
TT 100 298.2  37.5 299.4  47.0 1.16E-03 001.8 247.0  31.2 3.029672 1.871667 0.960379 hargrave 2016-11-16 15:17:06 
TT 200 298.8  37.3 300.1  46.7 1.14E-03 003.2 247.7  31.2 5.795495 2.803120 1.047595 hargrave 2016-11-21 15:55:54 
TT 300 309.4  32.5 311.9  41.4 1.10E-03 005.6 259.3  31.2 10.52238 2.280028 1.065943 hargrave 2016-12-09 22:36:47 
TT 350 292.9  39.9 293.3  49.4 1.06E-03 003.8 241.5  31.4 6.138291 3.190432 1.554667 hargrave 2016-12-16 11:18:55 
TT 400 304.1  36.3 306.1  45.5 5.24E-04 059.3 252.6  32.4 14.18316 45.19032 30.01573 hargrave 2017-01-05 11:40:50 
TT 400 298.1  38.6 299.4  48.0 1.05E-03 000.9 246.4  32.1 1.041601 1.648713 0.757593 hargrave 2017-01-05 13:29:17 
TT 425 301.2  37.4 302.9  46.7 1.01E-03 001.7 249.6  32.3 2.516807 1.476789 0.981641 hargrave 2017-01-06 15:14:14 
TT 450 300.9  37.8 302.5  47.1 9.98E-04 002.5 249.1  32.5 3.941160 2.041070 0.780444 hargrave 2017-01-09 16:16:52 
TT 475 301.7  37.5 303.4  46.8 9.71E-04 003.9 249.9  32.5 6.072886 2.517313 0.806025 hargrave 2017-01-10 16:23:50 
TT 500 299.0  38.3 300.4  47.7 9.33E-04 003.0 247.3  32.2 4.374592 2.401062 0.793979 hargrave 2017-01-11 19:04:22 
TT 525 299.0  37.0 300.3  46.4 8.65E-04 002.0 248.0  31.1 2.314732 1.782656 1.233545 hargrave 2017-01-15 18:24:41 
TT 550 301.0  36.1 302.6  45.4 7.51E-04 002.0 250.2  31.1 2.195521 1.355334 0.916388 hargrave 2017-01-18 14:04:09 
TT 560 299.3  36.9 300.7  46.2 6.92E-04 001.9 248.3  31.1 1.783732 1.320610 0.906917 hargrave 2017-01-19 00:35:05 
TT 570 299.1  36.9 300.4  46.3 6.23E-04 002.0 248.1  31.0 1.662947 1.203984 0.830474 hargrave 2017-01-19 15:31:12 
TT 575 297.6  37.4 298.7  46.8 5.91E-04 004.8 246.6  30.9 4.311230 2.354939 0.754326 hargrave 2017-01-20 13:23:23 
TT 580 300.7  36.4 302.3  45.7 5.58E-04 002.1 249.8  31.2 1.693536 1.059292 0.709086 hargrave 2017-01-22 12:52:50 
TT 595 302.3  35.4 304.1  44.6 5.26E-04 001.3 251.7  30.9 0.928912 0.574899 0.563326 hargrave 2017-02-01 15:46:34 
TT 610 300.6  36.0 302.1  45.3 4.09E-04 002.5 249.9  30.8 1.646550 0.592452 0.399899 hargrave 2017-02-02 14:41:23 
TT 625 304.2  34.8 306.1  44.0 2.33E-04 001.1 253.5  31.1 0.311008 0.287222 0.211181 hargrave 2017-02-06 13:39:54 
TT 640 300.7  35.5 302.2  44.8 1.77E-04 000.9 250.2  30.3 0.229102 0.283582 0.123950 hargrave 2017-02-08 12:00:55 
TT 655 301.6  35.4 303.2  44.7 1.05E-04 001.1 251.0  30.6 0.147279 0.206810 0.102417 hargrave 2017-02-08 21:26:45 
TT 665 301.2  34.8 302.7  44.1 7.14E-05 001.0 251.0  29.9 0.080777 0.124617 0.050457 hargrave 2017-02-09 14:38:37 
TT 675 298.9  37.1 300.2  46.5 5.94E-05 001.1 247.8  31.1 0.077231 0.086551 0.059792 hargrave 2017-02-13 17:12:54 
TT 680 303.4  34.3 305.3  43.5 4.24E-05 001.5 253.2  30.4 0.102776 0.056146 0.035180 hargrave 2017-02-14 21:55:55 
