GB14- 5a sun compass orientation
 237.45 352.2   9.0  20.7   9.5   1.0
NRM    299.3  35.6 300.6  45.0 2.02E-03 001.4 041.8  42.5 3.547378 2.384041 2.866127 hargrave 2016-09-01 10:19:03 
LN2    298.9  35.8 300.1  45.2 1.94E-03 001.2 041.3  42.8 2.656783 2.235498 2.539976 hargrave 2016-09-04 17:49:26 
TT 100 297.2  35.2 298.2  44.7 1.94E-03 002.3 039.4  42.4 4.868376 5.731713 2.183974 hargrave 2016-11-16 15:07:11 
TT 200 299.1  34.8 300.3  44.2 1.92E-03 001.4 041.4  41.8 3.334995 3.280447 2.019220 hargrave 2016-11-21 15:43:40 
TT 300 298.3  34.8 299.4  44.2 1.87E-03 002.5 040.5  41.9 5.788987 5.670207 2.131593 hargrave 2016-12-09 22:24:11 
TT 350 300.3  34.3 301.7  43.6 1.74E-03 002.2 042.7  41.1 4.867754 4.031731 2.613899 hargrave 2016-12-16 11:07:13 
TT 400 301.0  34.3 302.4  43.6 1.72E-03 001.4 043.3  41.1 2.769867 2.010828 2.815765 hargrave 2017-01-05 11:28:22 
TT 425 298.1  33.7 299.1  43.1 1.63E-03 002.2 040.1  40.8 4.897515 3.246148 2.482888 hargrave 2017-01-06 15:02:06 
TT 450 300.3  34.0 301.6  43.3 1.60E-03 001.4 042.5  40.9 2.142457 2.371176 2.487573 hargrave 2017-01-09 16:04:01 
TT 475 298.5  33.9 299.6  43.3 1.57E-03 001.5 040.6  41.0 2.129795 2.428875 2.590953 hargrave 2017-01-10 16:12:53 
TT 500 299.0  34.0 300.2  43.4 1.53E-03 001.8 041.1  41.0 3.764951 1.859279 2.714551 hargrave 2017-01-11 18:52:50 
TT 525 298.0  34.6 299.1  44.0 1.47E-03 002.5 040.2  41.7 4.790823 3.917330 2.397359 hargrave 2017-01-15 18:11:05 
TT 550 298.5  34.6 299.6  44.0 1.42E-03 001.9 040.7  41.7 3.408027 1.913665 2.689940 hargrave 2017-01-18 13:52:16 
TT 560 299.3  34.8 300.5  44.1 1.39E-03 001.6 041.6  41.7 2.733431 1.829985 2.308073 hargrave 2017-01-19 00:22:15 
TT 570 299.1  34.7 300.3  44.1 1.36E-03 002.2 041.3  41.7 3.926351 2.747636 2.490098 hargrave 2017-01-19 15:19:23 
TT 575 298.8  34.6 300.0  44.0 1.33E-03 001.7 041.1  41.6 2.683845 1.990545 2.493009 hargrave 2017-01-20 13:11:07 
TT 580 299.0  34.6 300.2  44.0 1.32E-03 001.6 041.2  41.6 2.464785 1.749443 2.243637 hargrave 2017-01-22 12:39:59 
TT 595 299.0  34.8 300.3  44.2 1.29E-03 001.8 041.3  41.8 2.167376 2.660031 2.548500 hargrave 2017-02-01 15:36:49 
TT 610 297.9  34.8 299.0  44.2 1.00E-03 001.9 040.1  41.9 1.765977 2.351436 1.833207 hargrave 2017-02-02 14:31:41 
TT 625 299.9  35.4 301.2  44.8 6.58E-04 002.3 042.3  42.3 1.510041 1.894981 1.162214 hargrave 2017-02-06 13:31:16 
TT 640 300.6  35.4 302.1  44.7 5.53E-04 002.7 043.1  42.2 1.517504 1.948836 0.940992 hargrave 2017-02-08 11:51:15 
TT 655 297.9  35.3 299.0  44.8 4.84E-04 002.6 040.2  42.4 1.381811 1.586774 0.752850 hargrave 2017-02-08 21:17:02 
TT 665 300.1  35.7 301.5  45.0 4.41E-04 003.3 042.6  42.5 1.654336 1.865309 0.716522 hargrave 2017-02-09 14:31:10 
TT 675 299.7  36.0 301.1  45.4 4.21E-04 004.5 042.3  42.9 2.073539 2.515902 0.837242 hargrave 2017-02-13 17:01:11 
TT 680 298.7  35.2 299.9  44.6 3.35E-04 001.9 041.1  42.3 0.622758 0.789718 0.598839 hargrave 2017-02-14 21:44:17 
