GB14- 3a sun compass orientation
  237.2 114.2  68.0  20.7   9.5   1.0
NRM    297.2  37.6 298.3  47.0 1.41E-03 002.5 235.2  15.5 4.922175 3.287881 2.049271 hargrave 2016-09-01 10:15:07 
LN2    296.2  39.3 297.1  48.7 1.39E-03 002.6 233.3  15.2 4.861086 3.908990 1.626587 hargrave 2016-09-04 17:46:18 
TT 100 297.7  33.0 298.7  42.4 1.38E-03 001.7 239.9  14.6 3.326536 1.929015 1.708102 hargrave 2016-11-16 15:04:07 
TT 200 297.1  33.2 298.0  42.6 1.34E-03 001.3 239.5  14.1 1.836981 1.639166 1.813714 hargrave 2016-11-21 15:40:43 
TT 300 297.3  32.4 298.1  41.9 1.28E-03 001.4 240.3  14.1 2.498449 1.587280 1.410188 hargrave 2016-12-09 22:20:41 
TT 350 296.6  36.6 297.5  46.0 1.16E-03 001.4 236.1  14.7 1.851684 0.922388 1.945049 hargrave 2016-12-16 11:04:15 
TT 350 296.4  36.5 297.3  46.0 1.16E-03 001.3 236.0  14.6 1.818111 1.002806 1.846621 hargrave 2016-12-16 11:48:34 
TT 400 298.1  34.5 299.1  44.0 1.11E-03 004.0 238.4  15.3 6.580518 4.148189 1.193612 hargrave 2017-01-05 11:25:03 
TT 425 297.7  35.8 298.8  45.2 1.04E-03 003.9 237.1  15.4 5.879474 3.805769 1.394379 hargrave 2017-01-06 14:58:34 
TT 450 298.0  35.3 299.1  44.8 1.02E-03 002.6 237.6  15.5 3.718653 2.678812 1.023406 hargrave 2017-01-09 16:00:29 
TT 475 298.2  34.6 299.3  44.0 9.85E-04 002.6 238.4  15.5 3.500221 2.593649 1.112254 hargrave 2017-01-10 16:09:50 
TT 500 298.1  34.7 299.2  44.1 9.48E-04 004.0 238.3  15.4 5.481623 3.627240 1.251770 hargrave 2017-01-11 18:49:48 
TT 525 296.3  35.2 297.2  44.7 9.05E-04 003.0 237.3  14.1 3.415574 3.021535 1.330539 hargrave 2017-01-15 18:07:28 
TT 550 296.9  33.5 297.8  42.9 8.59E-04 003.2 239.2  14.1 3.729181 2.778434 1.227111 hargrave 2017-01-18 13:49:12 
TT 560 297.5  32.1 298.5  41.6 8.41E-04 001.4 240.7  14.2 1.234938 1.366294 1.174532 hargrave 2017-01-19 00:18:39 
TT 570 296.8  33.9 297.6  43.3 8.19E-04 002.7 238.8  14.1 2.958095 2.361292 1.172379 hargrave 2017-01-19 15:15:28 
TT 575 297.2  32.7 298.1  42.1 8.01E-04 001.7 240.0  14.1 1.452875 1.700682 1.021461 hargrave 2017-01-20 13:08:14 
TT 580 296.8  33.8 297.6  43.3 7.90E-04 001.3 238.8  14.1 0.779228 1.405937 1.123940 hargrave 2017-01-22 12:36:28 
TT 595 296.3  34.8 297.1  44.2 7.65E-04 001.1 237.7  14.0 0.918464 0.771673 1.039628 hargrave 2017-02-01 15:33:46 
TT 610 296.9  33.0 297.8  42.5 6.20E-04 001.3 239.6  14.0 1.119489 0.637143 0.820719 hargrave 2017-02-02 14:28:34 
TT 625 296.8  34.1 297.6  43.6 4.29E-04 001.0 238.5  14.2 0.424727 0.420197 0.556904 hargrave 2017-02-06 13:28:50 
TT 640 297.2  33.0 298.1  42.4 3.14E-04 002.1 239.8  14.1 1.048414 0.483926 0.333525 hargrave 2017-02-08 11:48:13 
TT 655 296.8  35.7 297.7  45.1 2.09E-04 001.2 237.0  14.6 0.394160 0.261036 0.233259 hargrave 2017-02-08 21:14:11 
TT 665 296.5  37.1 297.4  46.5 1.60E-04 001.6 235.5  14.8 0.209716 0.385617 0.192699 hargrave 2017-02-09 14:28:17 
TT 675 296.8  38.6 297.8  48.0 1.36E-04 001.7 234.1  15.5 0.225274 0.292538 0.189670 hargrave 2017-02-13 16:57:38 
TT 680 298.0  34.3 299.0  43.7 9.20E-05 002.2 238.7  15.2 0.299735 0.167061 0.104035 hargrave 2017-02-14 21:40:46 
