GB14- 2a sun compass orientation
  237.1  54.8  29.0  20.7   9.5   1.0
NRM    298.9  36.1 300.2  45.5 1.53E-03 001.6 314.8  60.2 3.369361 2.510066 2.045262 hargrave 2016-09-01 10:13:30 
LN2    299.0  35.5 300.3  44.9 1.50E-03 001.5 315.5  59.7 2.811503 2.905133 1.490147 hargrave 2016-09-04 17:44:37 
TT 100 296.4  36.7 297.3  46.1 1.49E-03 002.8 310.6  59.8 5.780653 4.206292 1.389455 hargrave 2016-11-16 15:02:38 
TT 200 299.2  34.2 300.4  43.6 1.44E-03 001.7 316.7  58.6 2.922204 3.251146 1.015757 hargrave 2016-11-21 15:39:10 
TT 300 298.6  33.6 299.7  43.0 1.39E-03 002.2 316.3  57.9 3.628311 4.074516 1.027602 hargrave 2016-12-09 22:19:03 
TT 350 295.8  35.4 296.6  44.8 1.27E-03 002.3 311.0  58.4 3.194700 3.685197 1.231251 hargrave 2016-12-16 11:02:41 
TT 350 295.5  35.3 296.3  44.7 1.27E-03 002.1 310.7  58.2 3.216712 3.401916 1.023637 hargrave 2016-12-16 11:46:59 
TT 400 301.5  33.6 303.0  43.0 1.22E-03 002.7 320.5  58.8 2.901893 4.995757 1.559116 hargrave 2017-01-05 11:23:27 
TT 425 298.3  34.5 299.4  43.9 1.16E-03 002.0 315.2  58.6 2.556983 3.099209 1.611036 hargrave 2017-01-06 14:56:54 
TT 450 299.0  34.5 300.2  43.9 1.14E-03 002.4 316.2  58.8 4.125821 2.496891 1.055353 hargrave 2017-01-09 15:58:50 
TT 475 300.1  34.4 301.4  43.7 1.10E-03 002.5 317.9  59.0 4.163238 2.305839 1.073160 hargrave 2017-01-10 16:07:24 
TT 500 299.0  34.3 300.2  43.7 1.06E-03 002.0 316.4  58.6 3.137398 2.032982 1.025081 hargrave 2017-01-11 18:48:23 
TT 525 297.5  33.8 298.4  43.2 1.01E-03 001.5 314.6  57.6 1.920955 2.069793 0.676004 hargrave 2017-01-15 18:05:44 
TT 550 298.3  33.8 299.3  43.2 9.61E-04 001.6 315.7  57.9 1.759422 1.947015 0.812858 hargrave 2017-01-18 13:47:37 
TT 560 298.1  33.6 299.2  43.1 9.43E-04 001.6 315.6  57.7 1.699630 2.019566 0.793950 hargrave 2017-01-19 00:16:05 
TT 570 298.3  34.0 299.3  43.4 9.15E-04 001.7 315.5  58.1 1.675034 1.897458 0.910306 hargrave 2017-01-19 15:13:53 
TT 575 297.8  33.5 298.8  42.9 8.99E-04 001.6 315.3  57.4 1.776390 1.818855 0.607667 hargrave 2017-01-20 13:06:42 
TT 580 297.9  33.6 298.9  43.1 8.84E-04 001.6 315.3  57.6 1.740457 1.715436 0.844087 hargrave 2017-01-22 12:34:49 
TT 595 297.8  33.9 298.8  43.4 8.40E-04 002.4 314.9  57.9 2.786612 2.145769 0.808099 hargrave 2017-02-01 15:32:12 
TT 610 297.9  33.8 299.0  43.2 6.43E-04 003.2 315.2  57.8 2.886346 2.175339 0.495282 hargrave 2017-02-02 14:26:55 
TT 625 297.8  34.3 298.8  43.8 4.38E-04 001.8 314.7  58.2 1.077769 0.909704 0.301140 hargrave 2017-02-06 13:27:33 
TT 640 298.8  34.4 299.9  43.7 3.04E-04 002.4 316.0  58.6 1.048931 0.797909 0.281867 hargrave 2017-02-08 11:46:55 
TT 655 298.3  36.1 299.4  45.5 2.01E-04 001.9 313.8  60.0 0.464486 0.503359 0.112068 hargrave 2017-02-08 21:12:58 
TT 665 298.8  36.3 300.0  45.7 1.57E-04 001.8 314.4  60.3 0.381629 0.329517 0.128364 hargrave 2017-02-09 14:27:03 
TT 675 299.5  36.9 300.9  46.3 1.31E-04 002.3 314.9  61.1 0.428940 0.325063 0.121467 hargrave 2017-02-13 16:56:02 
TT 680 299.8  35.8 301.1  45.2 9.37E-05 003.3 316.3  60.2 0.394738 0.361473 0.079168 hargrave 2017-02-14 21:39:11 
