GB14- 6a sun compass orientation
 237.45   4.6   9.0  20.7   9.5   1.0
NRM    300.3  35.9 301.8  45.2 1.88E-03 002.1 029.2  43.9 4.439036 2.462017 4.650506 hargrave 2016-09-01 10:20:39 
LN2    297.9  36.3 299.1  45.7 1.81E-03 001.7 026.6  44.4 2.449419 4.632051 2.012033 hargrave 2016-09-04 17:51:01 
TT 100 296.5  35.6 297.4  45.0 1.81E-03 001.7 024.9  43.9 3.237679 4.143879 1.427539 hargrave 2016-11-16 15:08:45 
TT 200 297.5  35.0 298.5  44.5 1.80E-03 001.3 025.9  43.2 2.904165 3.127358 1.555908 hargrave 2016-11-21 15:45:13 
TT 300 294.1  34.8 294.6  44.3 1.75E-03 003.7 022.1  43.2 4.886530 10.27996 1.519671 hargrave 2016-12-09 22:26:02 
TT 350 296.2  34.7 297.0  44.1 1.62E-03 001.8 024.4  42.9 2.710022 3.997577 2.017364 hargrave 2016-12-16 11:08:42 
TT 400 300.5  34.7 301.9  44.0 1.60E-03 001.4 029.2  42.7 2.452568 2.117012 2.467782 hargrave 2017-01-05 11:30:11 
TT 425 292.9  34.4 293.2  43.9 1.52E-03 002.9 020.7  42.9 5.025315 5.037970 3.390036 hargrave 2017-01-06 15:03:58 
TT 450 299.1  34.7 300.3  44.0 1.50E-03 002.2 027.6  42.8 1.980263 4.889152 2.712028 hargrave 2017-01-09 16:05:53 
TT 475 299.1  34.6 300.3  44.0 1.46E-03 002.1 027.7  42.7 1.934033 4.189983 2.741866 hargrave 2017-01-10 16:14:29 
TT 500 299.1  34.6 300.3  44.0 1.43E-03 002.1 027.6  42.7 2.116206 3.836288 2.967740 hargrave 2017-01-11 18:54:22 
TT 525 297.3  35.1 298.3  44.5 1.38E-03 002.5 025.7  43.3 3.671992 4.459661 1.951226 hargrave 2017-01-15 18:12:56 
TT 550 299.6  35.2 300.9  44.5 1.33E-03 002.0 028.3  43.2 3.285248 2.922442 1.973225 hargrave 2017-01-18 13:53:52 
TT 560 299.0  35.2 300.2  44.6 1.29E-03 002.2 027.6  43.3 3.083631 3.398470 1.872419 hargrave 2017-01-19 00:24:06 
TT 570 298.6  35.1 299.7  44.5 1.27E-03 001.5 027.1  43.2 2.340056 1.837736 1.874106 hargrave 2017-01-19 15:21:00 
TT 575 299.2  34.9 300.4  44.3 1.23E-03 001.4 027.8  43.0 1.991632 2.142195 1.429777 hargrave 2017-01-20 13:12:36 
TT 580 297.0  34.9 298.0  44.4 1.22E-03 002.0 025.4  43.2 2.766011 2.741311 1.967313 hargrave 2017-01-22 12:41:50 
TT 595 298.3  35.2 299.4  44.6 1.21E-03 001.7 026.9  43.3 2.331604 1.894748 2.026956 hargrave 2017-02-01 15:38:24 
TT 610 296.8  35.0 297.7  44.5 9.42E-04 001.5 025.1  43.3 1.717393 1.378699 1.401718 hargrave 2017-02-02 14:33:17 
TT 625 299.4  35.7 300.7  45.0 6.15E-04 001.6 028.1  43.7 1.148833 0.871881 0.979911 hargrave 2017-02-06 13:32:33 
TT 640 300.3  35.9 301.7  45.2 5.02E-04 001.5 029.2  43.9 0.838444 0.909523 0.758351 hargrave 2017-02-08 11:52:36 
TT 655 297.6  36.0 298.7  45.4 4.30E-04 002.3 026.2  44.2 0.823373 1.468241 0.664817 hargrave 2017-02-08 21:18:20 
TT 665 296.9  36.2 297.8  45.7 3.91E-04 001.7 025.4  44.5 0.693538 0.857561 0.637472 hargrave 2017-02-09 14:32:30 
TT 675 299.1  36.3 300.4  45.7 3.75E-04 003.3 027.9  44.4 0.925699 1.899105 0.573418 hargrave 2017-02-13 17:02:50 
TT 680 302.6  36.4 304.5  45.7 2.92E-04 001.7 031.8  44.2 0.482526 0.619456 0.471496 hargrave 2017-02-14 21:45:56 
