GB14- 7a mag compass orientation (IGRF corrected)
  237.7  -0.5   9.0  20.7   9.5   1.0
NRM    295.5  24.3 296.0  33.8 1.38E-03 002.1 028.2  32.3 2.017061 3.942666 3.181435 hargrave 2016-09-01 10:24:29 
LN2    294.9  24.8 295.3  34.2 1.35E-03 001.4 027.6  32.8 1.746047 2.511361 1.537375 hargrave 2016-09-04 17:54:53 
TT 100 288.8  24.5 288.6  34.0 1.34E-03 005.4 021.0  33.0 4.359434 11.82646 1.586977 hargrave 2016-11-16 15:10:22 
TT 200 294.0  23.3 294.3  32.8 1.32E-03 002.6 026.5  31.4 2.723740 5.128988 1.306374 hargrave 2016-11-21 15:46:50 
TT 300 293.2  23.0 293.5  32.5 1.25E-03 003.9 025.7  31.2 4.525570 7.044606 1.872203 hargrave 2016-12-09 22:27:52 
TT 350 294.7  22.9 295.1  32.3 1.15E-03 002.7 027.2  30.9 2.876690 4.164066 1.857591 hargrave 2016-12-16 11:10:14 
TT 400 298.4  22.4 299.0  31.8 1.13E-03 002.1 031.1  30.2 2.565163 2.516253 2.325424 hargrave 2017-01-05 11:31:53 
TT 425 295.8  22.4 296.3  31.9 1.05E-03 002.6 028.4  30.4 2.698036 1.066247 3.824022 hargrave 2017-01-06 15:05:51 
TT 450 296.9  22.3 297.5  31.7 1.03E-03 002.6 029.6  30.2 1.070952 3.243902 3.183876 hargrave 2017-01-09 16:07:44 
TT 475 295.4  22.2 295.8  31.7 1.00E-03 002.3 027.9  30.2 2.420586 1.206370 3.078308 hargrave 2017-01-10 16:16:05 
TT 500 294.8  22.0 295.2  31.5 9.72E-04 002.6 027.2  30.1 2.556371 1.123473 3.406298 hargrave 2017-01-11 18:55:56 
TT 525 294.9  22.9 295.3  32.4 9.32E-04 001.6 027.5  30.9 1.374781 1.921706 1.346917 hargrave 2017-01-15 18:14:47 
TT 550 294.1  22.8 294.4  32.3 8.89E-04 001.8 026.6  31.0 1.375299 2.028827 1.315158 hargrave 2017-01-18 13:55:29 
TT 560 295.2  22.9 295.6  32.3 8.62E-04 002.6 027.8  30.9 1.694620 3.326426 1.229214 hargrave 2017-01-19 00:25:58 
TT 570 294.0  22.7 294.3  32.2 8.40E-04 002.3 026.4  30.9 1.667362 2.743356 1.211651 hargrave 2017-01-19 15:22:36 
TT 575 294.4  22.3 294.8  31.8 8.16E-04 002.6 026.9  30.4 1.412101 3.342992 0.991931 hargrave 2017-01-20 13:14:09 
TT 580 293.6  22.6 293.9  32.1 8.09E-04 001.2 026.0  30.8 1.035947 0.867774 1.112359 hargrave 2017-01-22 12:43:41 
TT 595 294.6  22.9 295.0  32.4 8.07E-04 002.5 027.1  31.0 1.712076 2.856220 1.262817 hargrave 2017-02-01 15:40:00 
TT 610 295.3  22.8 295.7  32.2 6.88E-04 001.4 027.8  30.8 0.987977 1.061064 0.954808 hargrave 2017-02-02 14:34:52 
TT 625 297.3  23.2 297.9  32.6 4.76E-04 003.1 030.0  31.1 1.146491 2.258094 0.681085 hargrave 2017-02-06 13:33:51 
TT 640 295.7  23.5 296.2  33.0 3.43E-04 001.4 028.4  31.5 0.613524 0.514892 0.466246 hargrave 2017-02-08 11:53:54 
TT 655 296.8  24.5 297.4  34.0 2.02E-04 001.5 029.6  32.4 0.339153 0.362929 0.270017 hargrave 2017-02-08 21:19:35 
TT 665 293.6  24.7 293.9  34.2 1.52E-04 004.2 026.3  32.8 0.514687 0.976619 0.245012 hargrave 2017-02-09 14:33:46 
TT 675 295.0  25.6 295.4  35.0 1.38E-04 004.7 027.7  33.6 0.555652 0.972635 0.226024 hargrave 2017-02-13 17:04:25 
TT 680 297.5  26.0 298.2  35.5 1.03E-04 003.8 030.6  33.9 0.333004 0.580926 0.177944 hargrave 2017-02-14 21:47:30 
