AP5- 1a sun compass orientation
   60.1   2.1  89.0  70.3  13.0 1.0
NRM    083.9 -66.9 053.3 -66.4 1.15E-01 003.4 003.5 -23.9 590.3742 591.0762 270.1339 hargrave 2016-04-08 17:11:43
LN2    086.1 -67.3 054.5 -67.3 1.14E-01 003.3 002.5 -23.6 614.2090 575.1196 290.7461 hargrave 2016-04-11 17:32:36
TT 100 081.2 -66.8 051.3 -65.8 1.13E-01 003.7 004.7 -23.8 746.0298 651.9420 256.0113 hargrave 2016-04-18 10:08:15
TT 200 083.1 -66.4 053.2 -65.9 1.12E-01 003.3 003.9 -24.3 744.0049 569.3303 217.0184 hargrave 2016-04-18 17:23:46
TT 300 082.8 -66.9 052.2 -66.3 1.10E-01 003.1 004.0 -23.7 714.1154 519.9702 215.5830 hargrave 2016-04-19 13:10:55
TT 350 082.1 -68.2 049.9 -67.2 1.11E-01 004.9 004.0 -22.4 926.9346 845.1080 295.5612 hargrave 2016-04-25 12:53:48
TT 400 084.8 -68.3 052.0 -67.8 1.07E-01 004.7 002.9 -22.6 953.9445 779.3722 351.9396 hargrave 2016-04-26 09:50:05
TT 450 082.3 -67.6 050.9 -66.7 9.92E-02 007.2 004.1 -23.1 1272.789 1119.222 359.2269 hargrave 2016-04-26 17:18:51
TT 475 079.5 -71.6 042.6 -69.3 9.81E-02 006.1 004.2 -19.0 1382.537 970.2100 168.3739 hargrave 2016-05-02 14:12:14
TT 500 080.1 -69.9 045.8 -68.2 9.78E-02 007.1 004.4 -20.6 1536.243 1133.133 270.8147 hargrave 2016-05-02 20:34:32
TT 525 085.3 -71.4 047.0 -70.4 9.44E-02 006.9 002.3 -19.5 1592.284 1099.205 190.1964 hargrave 2016-05-03 19:28:11
TT 550 083.0 -71.5 045.2 -70.0 8.55E-02 007.0 003.1 -19.3 1422.628 998.7631 184.0194 hargrave 2016-05-12 15:09:46
TT 560 086.6 -73.3 043.9 -72.1 8.33E-02 006.2 001.6 -17.6 1323.216 890.4671 158.8333 hargrave 2016-05-16 12:48:08
TT 570 083.9 -73.9 040.7 -72.0 7.75E-02 005.4 002.4 -16.9 1062.539 723.5876 145.0586 hargrave 2016-05-16 18:47:23
TT 575 081.4 -74.5 037.8 -71.9 7.19E-02 005.1 003.0 -16.2 864.5629 623.5399 121.0513 hargrave 2016-05-17 15:06:17 
TT 580 072.0 -74.5 032.2 -70.2 6.46E-02 003.5 005.5 -15.5 562.7248 361.3009 96.38059 hargrave 2016-05-18 11:58:10
