AP5- 6a sun compass orientation
   61.7  41.5  20.0  70.3  13.0 1.0
NRM    105.1 -73.2 057.2 -75.9 1.80E-02 001.6 056.5 -81.2 42.96627 26.27490 4.686739 hargrave 2016-04-08 17:19:13
LN2    106.0 -73.7 056.4 -76.4 1.74E-02 001.7 053.2 -81.3 43.47338 25.18206 5.699983 hargrave 2016-04-11 17:41:52
TT 100 106.4 -73.8 056.4 -76.6 1.75E-02 001.6 052.6 -81.4 39.29593 26.68520 4.543576 hargrave 2016-04-18 10:15:03
TT 200 108.3 -73.7 058.2 -76.9 1.79E-02 001.5 052.1 -82.0 39.44636 27.69422 5.908635 hargrave 2016-04-18 17:29:49
TT 300 108.8 -74.2 056.7 -77.4 1.78E-02 001.4 048.3 -81.9 34.93786 26.04644 6.959119 hargrave 2016-04-19 13:18:29
TT 350 108.9 -74.2 056.8 -77.4 1.73E-02 002.0 048.2 -82.0 50.09004 34.28832 10.41380 hargrave 2016-04-25 13:01:12
TT 400 108.2 -74.3 055.8 -77.3 1.64E-02 001.9 048.1 -81.7 44.31818 31.22622 7.565282 hargrave 2016-04-26 09:57:32
TT 450 109.7 -74.3 057.0 -77.6 1.45E-02 002.0 047.2 -82.1 40.63195 28.42160 4.875001 hargrave 2016-04-26 17:27:05
TT 475 109.0 -74.4 056.2 -77.5 1.23E-02 001.5 046.9 -81.9 23.88027 21.48871 3.509293 hargrave 2016-05-02 14:19:42
TT 500 111.1 -74.0 059.1 -77.7 1.09E-02 001.8 047.9 -82.6 28.43796 20.36948 5.700340 hargrave 2016-05-02 20:41:57
TT 525 111.3 -74.5 057.4 -78.1 8.79E-03 001.7 044.4 -82.4 21.40704 16.26037 2.257138 hargrave 2016-05-03 19:35:36
TT 550 111.8 -74.1 059.5 -77.9 5.77E-03 001.9 047.2 -82.7 15.92137 10.39181 2.137805 hargrave 2016-05-12 15:17:13
TT 560 111.4 -74.1 058.9 -77.9 4.32E-03 001.9 046.9 -82.6 11.63000 7.897719 1.865334 hargrave 2016-05-16 12:55:40
TT 570 114.2 -73.8 062.5 -78.3 3.74E-03 001.8 046.7 -83.5 9.387461 6.871018 1.390604 hargrave 2016-05-16 18:54:48
TT 575 111.2 -73.4 061.4 -77.4 3.28E-03 001.9 052.3 -82.8 8.853820 5.955868 1.744053 hargrave 2016-05-17 15:13:42 
TT 580 114.7 -74.5 060.0 -78.8 3.05E-03 001.6 041.0 -83.2 7.000352 5.368107 0.997592 hargrave 2016-05-18 12:05:33
