AP5- 4a sun compass orientation
   60.3  63.4  54.0  70.3  13.0 1.0
NRM    093.2 -71.7 052.2 -72.3 1.31E-02 001.1 021.9 -43.2 14.48705 16.76722 14.42139 hargrave 2016-04-08 17:16:05
LN2    092.2 -72.9 048.6 -73.0 1.34E-02 001.3 020.4 -42.5 10.80055 25.92609 14.37935 hargrave 2016-04-11 17:38:49
TT 100 093.4 -73.0 049.3 -73.3 1.34E-02 001.3 020.2 -42.9 16.52014 17.95126 21.13347 hargrave 2016-04-18 10:12:32
TT 200 095.1 -73.6 049.1 -74.0 1.38E-02 001.5 019.3 -43.2 14.66688 25.68839 21.19639 hargrave 2016-04-18 17:27:16
TT 300 099.2 -75.3 046.4 -76.0 1.37E-02 002.5 016.5 -43.5 31.65961 48.47274 21.20307 hargrave 2016-04-19 13:15:58
TT 350 099.1 -75.2 046.6 -75.9 1.34E-02 001.5 016.6 -43.5 19.99350 22.25948 21.37564 hargrave 2016-04-25 12:58:09
TT 400 097.4 -73.6 050.6 -74.5 1.26E-02 001.6 019.0 -43.8 22.00827 19.29717 20.83738 hargrave 2016-04-26 09:54:28
TT 450 100.2 -74.7 049.2 -75.8 1.11E-02 001.6 017.1 -44.0 20.22336 18.82365 17.48111 hargrave 2016-04-26 17:24:02
TT 475 101.2 -74.6 049.9 -76.0 9.71E-03 002.0 017.0 -44.3 20.52749 15.58544 22.36588 hargrave 2016-05-02 14:16:40
TT 500 101.5 -75.0 048.8 -76.3 8.82E-03 001.5 016.4 -44.2 14.88700 12.66458 13.42741 hargrave 2016-05-02 20:38:53
TT 525 100.5 -74.5 050.0 -75.7 7.50E-03 001.7 017.3 -44.2 14.83619 12.33690 12.75432 hargrave 2016-05-03 19:32:32
TT 550 102.9 -74.6 051.1 -76.3 5.36E-03 002.0 016.7 -44.7 7.003980 16.55055 8.342407 hargrave 2016-05-12 15:14:09
TT 560 104.2 -74.1 053.9 -76.3 4.27E-03 001.7 017.2 -45.3 5.924387 9.850811 6.790741 hargrave 2016-05-16 12:52:37
TT 570 105.4 -74.5 053.4 -76.8 3.68E-03 001.4 016.4 -45.3 5.982321 5.502194 5.518451 hargrave 2016-05-16 18:51:46
TT 575 105.9 -74.6 053.4 -76.9 3.35E-03 001.5 016.2 -45.4 5.533061 5.289793 5.454465 hargrave 2016-05-17 15:10:39 
TT 580 104.5 -74.5 052.6 -76.6 3.06E-03 001.9 016.6 -45.1 4.740639 7.928784 5.208361 hargrave 2016-05-18 12:02:30
