AP5- 3a sun compass orientation
   60.4  22.8  17.0  70.3  13.0 1.0
NRM    103.5 -70.7 062.9 -73.8 1.82E-02 001.5 123.9 -86.3 33.70570 33.88170 6.900956 hargrave 2016-04-08 17:14:36
LN2    103.0 -71.3 061.0 -74.1 1.74E-02 001.5 115.0 -86.5 31.48699 32.33498 8.296835 hargrave 2016-04-11 17:36:21
TT 100 103.2 -71.3 061.1 -74.2 1.73E-02 001.6 114.9 -86.6 35.10005 31.72022 6.503955 hargrave 2016-04-18 10:11:20
TT 200 103.7 -71.4 061.2 -74.4 1.74E-02 001.6 115.0 -86.8 37.24744 32.58060 5.879918 hargrave 2016-04-18 17:26:06
TT 300 104.3 -71.6 061.1 -74.7 1.69E-02 001.9 113.5 -87.1 42.73490 34.27010 7.561369 hargrave 2016-04-19 13:13:22
TT 350 103.5 -71.9 059.7 -74.7 1.67E-02 001.9 106.3 -87.0 42.86657 36.36034 8.324611 hargrave 2016-04-25 12:56:41
TT 400 103.8 -71.8 060.3 -74.7 1.58E-02 001.9 109.2 -87.0 40.48714 35.50540 9.129877 hargrave 2016-04-26 09:52:59
TT 450 103.8 -72.2 059.1 -75.0 1.41E-02 001.9 101.3 -87.2 36.76576 29.99204 7.621138 hargrave 2016-04-26 17:22:35
TT 475 104.5 -72.6 058.8 -75.4 1.20E-02 002.2 096.0 -87.5 38.52841 24.86855 10.99404 hargrave 2016-05-02 14:15:08
TT 500 104.3 -72.4 059.1 -75.2 1.09E-02 001.8 099.5 -87.4 25.45268 22.46054 4.800492 hargrave 2016-05-02 20:37:25
TT 525 103.5 -72.7 057.7 -75.2 9.34E-03 001.8 092.6 -87.2 22.70840 19.28001 5.211176 hargrave 2016-05-03 19:31:05
TT 550 102.8 -73.0 056.3 -75.3 7.02E-03 001.9 085.8 -87.1 18.24481 14.34366 5.041719 hargrave 2016-05-12 15:12:41
TT 560 103.7 -73.0 056.7 -75.5 5.67E-03 001.8 084.8 -87.3 13.22052 12.00048 3.119833 hargrave 2016-05-16 12:51:08
TT 570 105.4 -73.2 057.5 -76.0 4.90E-03 001.9 080.9 -87.8 13.38828 9.613216 3.112088 hargrave 2016-05-16 18:50:19
TT 575 103.9 -73.3 056.2 -75.7 4.44E-03 001.9 079.6 -87.4 11.56578 8.901127 2.881114 hargrave 2016-05-17 15:09:12 
TT 580 106.1 -73.6 056.8 -76.4 4.07E-03 001.9 069.4 -88.0 11.33544 8.112771 3.813846 hargrave 2016-05-18 12:01:03
