Puf1- 2a sun compass orientation
    2.5   0.6  19.0  69.1  11.0 1.0
NRM    304.0  19.6 301.1  28.4 9.60E-03 002.7 039.3  34.9 35.22779 26.45978 13.30987 hargrave 2016-04-08 17:28:13
LN2    305.2  19.8 302.3  28.7 9.59E-03 003.0 040.6  34.9 38.00142 31.61532 12.12810 hargrave 2016-04-11 17:51:39
TT 100 303.0  19.0 300.1  27.7 9.54E-03 003.4 038.0  34.6 41.49759 38.02985 10.34565 hargrave 2016-04-18 10:24:19
TT 200 303.1  17.4 300.4  26.2 9.85E-03 001.2 037.7  33.0 16.86025 10.74125 10.59803 hargrave 2016-04-18 17:37:21
TT 300 304.1  17.1 301.5  25.9 9.76E-03 002.4 038.7  32.5 30.50753 27.03528 10.58564 hargrave 2016-04-19 13:26:03
TT 350 304.4  17.1 301.9  26.0 8.36E-03 001.7 039.1  32.5 19.59910 12.24180 13.62724 hargrave 2016-04-25 13:10:10
TT 400 302.1  16.3 299.5  25.0 7.30E-03 002.0 036.3  32.2 19.50008 14.22848 10.40615 hargrave 2016-04-26 10:06:36
TT 450 305.2  16.8 302.7  25.8 6.79E-03 001.7 039.9  32.0 15.73468 11.00267 9.705806 hargrave 2016-04-26 17:36:06
TT 475 303.9  16.5 301.4  25.4 6.59E-03 001.7 038.4  32.0 13.36761 13.04863 6.921178 hargrave 2016-05-02 14:27:51
TT 500 303.7  16.7 301.2  25.5 6.46E-03 001.3 038.2  32.2 9.388443 8.385591 9.401384 hargrave 2016-05-02 20:51:54
TT 525 305.8  17.0 303.3  26.1 6.19E-03 001.2 040.6  32.1 8.582727 7.020876 8.082505 hargrave 2016-05-03 19:43:47
TT 550 302.2  16.4 299.7  25.1 5.78E-03 001.3 036.5  32.2 10.26483 6.460275 8.195381 hargrave 2016-05-12 15:25:37
TT 560 302.6  16.4 300.0  25.1 5.44E-03 001.4 036.9  32.2 10.61975 6.248304 7.787439 hargrave 2016-05-16 13:03:55
TT 570 303.6  16.5 301.0  25.3 5.09E-03 002.8 038.0  32.1 18.61113 15.98025 6.943737 hargrave 2016-05-16 19:05:38
TT 575 303.5  16.5 300.9  25.3 4.84E-03 003.3 037.9  32.1 19.54796 19.37440 6.666817 hargrave 2016-05-17 15:22:39 
TT 580 304.6  16.9 302.1  25.8 4.64E-03 001.3 039.2  32.2 6.998636 5.442394 6.262391 hargrave 2016-05-18 12:15:27
