Puf1- 5a sun compass orientation
    2.6 112.4  36.0  69.1  11.0 1.0
NRM    306.0  19.1 303.2  28.2 6.95E-03 002.1 269.2  23.3 25.64379 132.3102 61.36011 hargrave 2016-04-08 17:33:52
LN2    304.8  19.0 302.0  28.0 8.30E-03 000.9 268.3  22.5 11.03578 5.699792 7.113705 hargrave 2016-04-11 17:56:16
TT 100 306.2  18.1 303.6  27.2 8.23E-03 000.8 270.0  22.6 8.257445 6.357340 6.414741 hargrave 2016-04-18 10:28:51
TT 200 308.7  13.7 306.8  23.1 8.31E-03 004.0 275.0  20.6 57.71786 7.994819 7.729375 hargrave 2016-04-18 17:41:51
TT 300 307.7  13.4 305.8  22.7 8.15E-03 001.0 274.3  19.8 11.06665 5.506045 8.178809 hargrave 2016-04-19 13:30:29
TT 350 304.8  15.7 302.5  24.7 7.41E-03 001.0 270.5  19.9 6.448006 7.013490 10.09298 hargrave 2016-04-25 13:14:50
TT 400 307.2  14.3 305.1  23.5 6.57E-03 001.3 273.3  20.2 12.39390 6.544752 6.604188 hargrave 2016-04-26 10:11:17
TT 450 305.6  14.6 303.4  23.7 5.91E-03 002.4 271.8  19.5 24.10060 4.603244 6.451971 hargrave 2016-04-26 17:41:35
TT 475 306.0  13.6 304.0  22.7 5.63E-03 003.9 272.8  18.9 38.21386 5.432495 5.922159 hargrave 2016-05-02 14:32:28
TT 500 304.8  14.9 302.5  23.9 5.46E-03 001.1 271.0  19.2 8.355155 4.948106 4.467517 hargrave 2016-05-02 20:56:32
TT 525 307.3  13.1 305.4  22.4 5.25E-03 001.5 274.2  19.3 12.76922 4.789434 4.644149 hargrave 2016-05-03 19:51:04
TT 550 305.0  14.6 302.8  23.6 4.94E-03 000.9 271.4  19.1 5.025883 4.578788 4.448394 hargrave 2016-05-12 15:30:16
TT 560 306.4  13.6 304.4  22.8 4.67E-03 002.2 273.2  19.2 17.43217 4.470351 4.054077 hargrave 2016-05-16 13:10:16
TT 570 305.9  14.1 303.8  23.2 4.43E-03 001.6 272.4  19.3 11.66402 3.973576 3.931698 hargrave 2016-05-16 19:11:06
TT 575 305.7  14.2 303.6  23.2 4.25E-03 001.4 272.2  19.2 9.051748 3.847930 3.815635 hargrave 2016-05-17 15:28:08 
TT 580 307.2  13.1 305.3  22.4 4.08E-03 001.0 274.1  19.3 5.870068 3.702834 3.205920 hargrave 2016-05-18 12:20:06
