Puf1- 6a sun compass orientation
    2.6   6.1  12.0  69.1  11.0 1.0
NRM    302.1  17.9 299.3  26.6 9.05E-03 001.9 028.4  28.6 10.48625 23.55358 14.30687 hargrave 2016-04-08 17:35:32
LN2    301.7  17.7 298.9  26.3 9.07E-03 001.5 027.9  28.4 8.791244 17.98290 14.64506 hargrave 2016-04-11 17:58:46
TT 100 300.4  17.1 297.7  25.6 9.03E-03 001.7 026.5  28.0 9.138912 20.47824 15.45494 hargrave 2016-04-18 10:30:10
TT 200 300.5  15.3 298.0  23.8 9.18E-03 001.6 026.4  26.1 8.941013 17.81325 15.66353 hargrave 2016-04-18 17:43:09
TT 300 302.4  14.8 300.1  23.5 9.11E-03 001.5 028.3  25.5 8.324610 12.71433 19.06665 hargrave 2016-04-19 13:31:46
TT 350 300.5  14.5 298.1  23.0 7.73E-03 001.5 026.3  25.4 10.76672 10.08570 14.45943 hargrave 2016-04-25 13:17:16
TT 400 301.1  14.2 298.8  22.7 6.85E-03 001.5 026.9  25.0 8.500492 7.622391 13.71411 hargrave 2016-04-26 10:12:53
TT 450 300.9  14.0 298.6  22.5 6.34E-03 001.3 026.7  24.8 7.763745 6.043415 11.50796 hargrave 2016-04-26 17:43:10
TT 475 300.6  13.9 298.3  22.3 6.16E-03 001.6 026.3  24.7 8.759086 6.306619 13.28211 hargrave 2016-05-02 14:34:55
TT 500 300.6  13.8 298.3  22.3 6.05E-03 001.2 026.3  24.7 6.613296 5.782264 10.16896 hargrave 2016-05-02 20:58:07
TT 525 301.4  14.0 299.1  22.6 5.87E-03 001.4 027.2  24.7 7.562629 6.219960 10.68930 hargrave 2016-05-03 19:53:31
TT 550 300.5  13.7 298.2  22.2 5.57E-03 001.6 026.2  24.6 6.900556 10.73737 9.500506 hargrave 2016-05-12 15:33:35
TT 560 299.0  13.6 296.7  21.9 5.30E-03 001.5 024.6  24.6 8.315431 7.606543 8.944466 hargrave 2016-05-16 13:11:52
TT 570 301.1  13.9 298.8  22.4 5.03E-03 001.4 026.8  24.7 6.077339 5.274851 9.092404 hargrave 2016-05-16 19:12:42
TT 575 300.7  13.7 298.5  22.2 4.84E-03 001.4 026.4  24.6 6.357306 4.897392 8.701470 hargrave 2016-05-17 15:29:44 
TT 580 301.6  14.0 299.3  22.6 4.65E-03 001.4 027.4  24.7 6.157012 4.849931 8.916255 hargrave 2016-05-18 12:21:41
