Puf1- 7a sun compass orientation
      2   8.7  21.0  69.1  11.0 1.0
NRM    305.7  24.0 302.3  33.0 5.69E-03 001.3 034.0  42.2 6.955139 8.576516 7.313630 hargrave 2016-04-08 17:37:04
LN2    305.3  23.9 301.8  32.9 5.70E-03 001.4 033.5  42.2 10.19779 7.245216 7.378160 hargrave 2016-04-11 18:00:18
TT 100 305.1  23.4 301.7  32.3 5.65E-03 001.5 033.2  41.7 8.470625 9.761808 7.902518 hargrave 2016-04-18 10:31:28
TT 200 304.5  22.2 301.3  31.1 5.72E-03 002.1 032.1  40.7 8.475216 17.51443 7.757279 hargrave 2016-04-18 17:44:23
TT 300 306.2  22.0 303.0  31.0 5.76E-03 001.6 034.0  40.1 6.576581 12.23392 9.047463 hargrave 2016-04-19 13:32:59
TT 350 304.5  21.4 301.4  30.3 5.40E-03 001.5 031.9  39.9 9.214049 7.676780 7.996773 hargrave 2016-04-25 13:18:48
TT 400 306.3  21.5 303.2  30.6 4.70E-03 002.0 034.0  39.6 7.992611 12.74162 7.555466 hargrave 2016-04-26 10:15:15
TT 450 306.9  21.4 303.9  30.5 4.17E-03 001.8 034.7  39.4 6.572972 9.713439 6.598576 hargrave 2016-04-26 17:44:41
TT 475 306.6  21.4 303.6  30.5 3.97E-03 001.9 034.4  39.5 9.053058 5.023888 8.368736 hargrave 2016-05-02 14:37:21
TT 500 307.0  21.2 304.0  30.3 3.89E-03 001.8 034.7  39.1 5.728351 9.043204 6.361533 hargrave 2016-05-02 20:59:39
TT 525 305.9  20.9 303.0  30.0 3.78E-03 001.8 033.5  39.1 5.293457 8.750655 5.844028 hargrave 2016-05-03 19:55:02
TT 550 305.5  21.1 302.5  30.1 3.63E-03 001.9 033.0  39.4 8.570400 7.344054 5.494479 hargrave 2016-05-12 15:35:07
TT 560 305.1  20.6 302.1  29.6 3.53E-03 001.4 032.4  39.0 5.481098 4.946008 5.180123 hargrave 2016-05-16 13:13:24
TT 570 305.7  20.9 302.7  30.0 3.38E-03 001.7 033.1  39.2 5.359689 6.816509 5.290613 hargrave 2016-05-16 19:15:04
TT 575 306.1  20.8 303.1  29.9 3.27E-03 001.8 033.6  39.0 5.284360 7.642692 5.073496 hargrave 2016-05-17 15:31:15 
TT 580 305.9  21.1 302.9  30.2 3.14E-03 002.0 033.4  39.3 7.665884 6.038173 5.203718 hargrave 2016-05-18 12:23:13
