AP2- 1a sun compass orientation
   11.7 296.2  61.0  70.3  13.0 1.0
NRM    119.0 -56.8 100.7 -65.2 2.14E-02 000.9 323.7 -22.5 22.74514 19.22705 19.80722 hargrave 2016-04-08 16:26:28
LN2    118.7 -55.8 101.2 -64.2 1.94E-02 003.8 322.6 -22.3 79.70769 100.4916 17.15783 hargrave 2016-04-11 16:44:15
TT 100 120.2 -58.8 100.5 -67.3 1.91E-02 001.2 326.0 -22.5 22.30540 30.45060 17.64615 hargrave 2016-04-18 09:29:28
TT 200 118.9 -57.0 100.5 -65.3 1.91E-02 001.5 323.9 -22.6 29.82574 35.90349 16.71060 hargrave 2016-04-18 16:44:49
TT 300 120.0 -58.5 100.4 -67.0 1.89E-02 000.7 325.6 -22.5 14.91615 12.76794 17.46703 hargrave 2016-04-19 12:32:02
TT 350 119.4 -57.5 100.6 -66.0 1.75E-02 002.4 324.5 -22.5 40.57866 56.97904 23.76416 hargrave 2016-04-25 12:08:44
TT 400 120.4 -59.1 100.5 -67.6 1.65E-02 001.7 326.3 -22.5 30.23175 34.66007 19.99584 hargrave 2016-04-26 09:03:59
TT 450 119.4 -57.5 100.6 -65.9 1.53E-02 001.0 324.5 -22.5 16.33425 15.45641 18.83087 hargrave 2016-04-26 16:33:52
TT 475 120.6 -59.4 100.4 -67.9 1.41E-02 001.5 326.6 -22.5 21.78901 24.70031 15.52630 hargrave 2016-05-02 13:27:13
TT 500 120.4 -59.2 100.3 -67.7 1.30E-02 001.0 326.5 -22.6 15.97682 13.67721 14.44975 hargrave 2016-05-02 19:50:14
TT 525 120.3 -58.3 101.0 -66.9 1.14E-02 001.1 325.5 -22.3 15.17028 13.99429 11.89453 hargrave 2016-05-03 18:43:13
TT 550 120.0 -59.4 099.6 -67.8 8.39E-03 001.9 326.6 -22.8 15.47175 21.16098 9.706414 hargrave 2016-05-12 14:23:40
TT 560 120.1 -58.3 100.9 -66.8 6.26E-03 001.1 325.4 -22.4 8.805403 6.787188 6.910856 hargrave 2016-05-16 12:04:36
TT 570 118.4 -57.5 099.4 -65.8 4.06E-03 001.3 324.4 -23.0 5.594767 5.733309 4.773498 hargrave 2016-05-16 18:05:03
TT 575 118.3 -59.2 097.6 -67.3 2.95E-03 001.2 326.1 -23.6 3.736024 3.863043 3.517444 hargrave 2016-05-17 14:23:51 
TT 580 120.3 -60.5 098.8 -68.9 2.40E-03 001.0 327.8 -23.0 2.905296 2.397229 2.398610 hargrave 2016-05-18 11:15:05
