AP2- 5a sun compass orientation
   12.4  73.6  22.0  70.3  13.0 1.0
NRM    102.5 -47.7 088.1 -53.3 1.08E-02 001.6 092.3 -53.9 27.66203 13.57805 3.388438 hargrave 2016-04-08 16:35:56
LN2    102.1 -47.4 087.8 -52.9 1.04E-02 002.3 092.2 -53.5 39.21982 12.66321 3.434107 hargrave 2016-04-11 16:52:47
TT 100 104.3 -49.2 089.2 -55.1 1.09E-02 001.1 092.6 -55.8 15.21754 14.69312 3.843278 hargrave 2016-04-18 09:39:35
TT 200 109.2 -57.3 088.9 -63.6 1.21E-02 000.9 087.0 -63.9 10.66967 17.06989 3.821226 hargrave 2016-04-18 16:52:39
TT 300 110.7 -58.2 089.8 -64.8 1.19E-02 001.6 086.8 -65.1 28.54086 17.34727 4.938959 hargrave 2016-04-19 12:39:09
TT 350 110.1 -58.7 088.6 -65.1 7.45E-03 001.4 085.5 -65.2 13.23472 14.23168 5.407182 hargrave 2016-04-25 12:16:35
TT 400 111.7 -58.8 090.3 -65.5 6.33E-03 001.6 086.7 -65.8 14.00622 11.61585 5.462868 hargrave 2016-04-26 09:11:51
TT 450 111.7 -59.6 089.4 -66.3 5.79E-03 001.4 085.1 -66.4 10.28733 10.82288 4.927806 hargrave 2016-04-26 16:41:40
TT 475 111.6 -60.0 088.9 -66.6 5.48E-03 001.9 084.3 -66.7 15.83133 9.098583 1.011344 hargrave 2016-05-02 13:35:47
TT 500 112.5 -59.6 090.4 -66.4 5.28E-03 001.6 085.9 -66.7 11.87599 9.480549 3.677097 hargrave 2016-05-02 19:58:06
TT 525 111.5 -60.0 088.9 -66.6 4.82E-03 001.4 084.3 -66.6 8.487968 8.744942 3.276124 hargrave 2016-05-03 18:50:57
TT 550 110.4 -60.3 087.2 -66.7 3.99E-03 001.3 082.7 -66.5 6.370773 7.074830 2.891983 hargrave 2016-05-12 14:33:09
TT 560 113.0 -60.3 090.2 -67.2 3.07E-03 001.8 084.9 -67.4 8.091812 5.563946 2.073176 hargrave 2016-05-16 12:12:25
TT 570 114.5 -60.7 091.5 -67.9 2.09E-03 001.7 085.4 -68.2 5.066660 3.716092 1.567090 hargrave 2016-05-16 18:12:49
TT 575 110.8 -60.7 087.3 -67.1 1.60E-03 001.5 082.4 -66.8 3.163893 2.845425 1.370279 hargrave 2016-05-17 14:32:35 
TT 580 113.4 -60.9 090.0 -67.8 1.34E-03 001.5 084.1 -67.9 2.761894 2.309687 0.810583 hargrave 2016-05-18 11:22:55
