AP2- 2a sun compass orientation
   11.8 358.4  30.0  70.3  13.0 1.0
NRM    112.3 -54.9 094.4 -62.1 1.95E-02 001.6 258.8 -76.2 47.50172 28.05937 13.15615 hargrave 2016-04-08 16:28:04
LN2    112.3 -55.0 094.4 -62.2 1.84E-02 002.2 259.1 -76.3 64.74415 26.89074 12.80851 hargrave 2016-04-11 16:45:50
TT 100 113.0 -55.4 094.7 -62.7 1.85E-02 001.7 261.6 -76.2 47.34430 28.81203 13.52455 hargrave 2016-04-18 09:31:28
TT 200 115.9 -57.8 096.1 -65.5 1.98E-02 001.5 273.3 -75.8 42.56861 29.35309 14.01241 hargrave 2016-04-18 16:46:10
TT 300 117.0 -58.5 096.9 -66.4 1.84E-02 001.6 276.5 -75.4 45.37532 27.17056 11.62762 hargrave 2016-04-19 12:33:19
TT 350 117.5 -58.7 097.2 -66.7 1.45E-02 002.2 277.6 -75.2 47.51504 27.84065 18.68873 hargrave 2016-04-25 12:10:20
TT 400 117.9 -59.2 097.3 -67.2 1.31E-02 002.2 279.6 -75.1 43.49595 25.02892 15.55216 hargrave 2016-04-26 09:05:40
TT 450 118.4 -59.0 098.0 -67.2 1.19E-02 002.1 279.5 -74.9 37.18682 22.79151 13.15852 hargrave 2016-04-26 16:35:28
TT 475 117.8 -59.7 096.6 -67.6 1.09E-02 001.6 281.5 -75.3 21.93616 20.06004 7.374502 hargrave 2016-05-02 13:29:39
TT 500 117.9 -59.5 096.9 -67.5 1.02E-02 002.0 280.9 -75.3 29.29847 18.56379 12.78943 hargrave 2016-05-02 19:51:50
TT 525 117.9 -60.0 096.4 -68.0 8.94E-03 001.7 283.0 -75.4 21.16235 16.34527 9.562963 hargrave 2016-05-03 18:44:48
TT 550 117.3 -59.1 096.6 -67.0 7.00E-03 002.0 279.0 -75.4 21.28304 12.39542 7.944110 hargrave 2016-05-12 14:26:07
TT 560 117.4 -59.4 096.4 -67.3 5.44E-03 002.0 280.2 -75.5 15.86509 9.641004 6.900039 hargrave 2016-05-16 12:06:12
TT 570 117.2 -59.2 096.4 -67.1 3.80E-03 002.2 279.6 -75.5 13.29776 6.889805 4.666198 hargrave 2016-05-16 18:06:38
TT 575 116.6 -59.5 095.4 -67.2 2.90E-03 001.9 280.2 -75.9 8.093822 5.222920 3.497467 hargrave 2016-05-17 14:25:25 
TT 580 117.5 -59.9 095.9 -67.8 2.40E-03 001.6 282.3 -75.6 5.164098 4.104776 2.280869 hargrave 2016-05-18 11:16:40
