GB11- 2a sun compass orientation
 232.35 331.3   9.0  20.7   9.5   1.0
NRM    300.0  33.0 301.2  42.3 7.36E-04 001.5 064.2  37.3 1.299825 0.688271 1.299284 hargrave 2016-09-01 09:28:42 
LN2    299.1  33.3 300.2  42.7 7.29E-04 001.2 063.4  37.8 1.071104 0.689729 0.867376 hargrave 2016-09-04 16:46:34 
LN2    298.3  33.4 299.3  42.8 7.28E-04 001.0 062.6  37.9 0.730925 0.643353 0.957358 hargrave 2016-09-04 16:59:11 
TT 100 299.6  33.1 300.8  42.5 7.25E-04 001.1 063.9  37.4 0.907650 0.564985 0.900405 hargrave 2016-09-08 13:13:06 
TT 200 301.0  32.7 302.4  42.0 7.26E-04 001.1 065.3  36.8 0.844595 0.859570 0.812733 hargrave 2016-09-12 13:02:04 
TT 300 241.0 -08.9 241.7 -02.7 2.20E-04 071.7 359.7  00.1 0.836255 55.64857 44.43145 hargrave 2016-09-13 14:44:43 
TT 300 303.8  32.6 305.5  41.8 7.04E-04 003.4 068.1  36.4 3.688098 1.875415 0.714498 hargrave 2016-09-14 13:07:27 
TT 350 300.4  32.2 301.6  41.6 6.78E-04 001.9 064.5  36.5 1.690936 0.980791 1.059295 hargrave 2016-09-26 17:27:35 
TT 400 300.4  31.8 301.6  41.1 6.56E-04 001.3 064.4  36.1 1.093714 1.038788 0.684962 hargrave 2016-10-04 11:04:43 
TT 425 301.0  31.7 302.4  41.1 6.41E-04 001.3 065.1  35.9 1.162908 0.873904 0.544664 hargrave 2016-10-21 11:51:03 
TT 450 299.2  31.9 300.3  41.2 6.30E-04 004.3 063.2  36.3 4.127112 2.283294 0.595736 hargrave 2016-10-28 11:53:59 
TT 475 299.4  31.5 300.6  40.8 6.07E-04 001.6 063.4  35.9 1.368254 0.944415 0.605632 hargrave 2016-11-03 12:29:01 
TT 500 299.1  31.3 300.1  40.7 5.92E-04 001.7 063.0  35.8 1.461754 0.995767 0.420976 hargrave 2016-11-07 12:43:55 
TT 525 295.6  30.8 296.3  40.2 5.71E-04 001.7 059.3  35.7 1.363775 1.059955 0.403653 hargrave 2016-11-08 20:21:11 
TT 550 299.3  31.5 300.5  40.9 5.49E-04 001.2 063.3  35.9 0.855904 0.601874 0.499728 hargrave 2016-11-09 15:38:50 
TT 560 301.2  31.4 302.6  40.7 5.28E-04 001.6 065.2  35.6 1.270197 0.772959 0.392479 hargrave 2016-11-13 21:54:18 
TT 570 303.3  31.7 304.9  41.0 4.93E-04 001.3 067.4  35.6 0.729520 0.761515 0.563340 hargrave 2016-11-14 23:29:49 
TT 575 296.5  30.3 297.3  39.8 4.67E-04 001.3 060.1  35.2 0.843602 0.596498 0.406978 hargrave 2016-11-16 14:21:54 
TT 580 301.9  31.0 303.3  40.3 4.67E-04 001.5 065.8  35.1 1.024414 0.723362 0.363361 hargrave 2016-11-21 14:54:48 
TT 595 299.8  30.8 301.0  40.1 3.98E-04 001.7 063.6  35.1 0.875473 0.773642 0.346423 hargrave 2016-11-23 13:59:22 
TT 610 302.0  31.4 303.5  40.7 3.19E-04 001.4 066.1  35.5 0.559689 0.449875 0.367459 hargrave 2016-11-30 11:19:07 
TT 625 302.4  31.5 303.9  40.8 2.65E-04 001.3 066.5  35.5 0.412724 0.406834 0.260841 hargrave 2016-12-09 15:07:28 
TT 640 300.0  31.7 301.2  41.0 9.50E-05 001.3 064.0  36.0 0.120230 0.166744 0.104995 hargrave 2016-12-13 18:56:30 
TT 655 297.4  32.4 298.3  41.9 3.63E-05 002.1 061.4  37.1 0.106548 0.087301 0.030919 hargrave 2016-12-15 16:38:15 
TT 655 301.9  34.4 303.5  43.7 1.74E-05 003.8 066.6  38.4 0.102387 0.045891 0.040559 hargrave 2016-12-17 17:05:05 
TT 675 301.5  38.2 303.3  47.5 1.00E-05 002.4 067.1  42.2 0.036556 0.018590 0.009920 hargrave 2016-12-22 12:29:13 
TT 680 308.7  39.0 311.8  48.0 8.50E-06 001.4 074.7  41.9 0.016421 0.009764 0.011869 hargrave 2016-12-23 09:56:02 
