GB11- 4a mag compass orientation (IGRF corrected)
 232.35 177.5  15.0  20.7   9.5   1.0
NRM    298.8  34.4 300.0  43.8 2.20E-03 003.5 207.4  21.3 7.220227 9.682464 5.991701 hargrave 2016-09-01 09:32:06 
LN2    298.3  34.1 299.4  43.5 2.19E-03 001.2 207.0  20.9 2.499408 3.905013 2.211233 hargrave 2016-09-04 16:49:26 
LN2    297.7  34.1 298.7  43.5 2.19E-03 001.7 206.5  20.8 3.234878 5.630729 2.056207 hargrave 2016-09-04 17:02:45 
TT 100 297.2  34.4 298.1  43.8 2.18E-03 002.6 206.0  21.1 3.578793 8.642160 3.419353 hargrave 2016-09-08 13:16:16 
TT 200 295.5  34.4 296.2  43.8 2.18E-03 001.2 204.5  20.9 2.426715 3.483316 2.441741 hargrave 2016-09-12 13:08:06 
TT 300 267.3  15.1 265.9  23.7 1.82E-03 032.5 179.8  00.1 2.358964 85.08684 78.64763 hargrave 2016-09-13 14:50:33 
TT 300 295.7  34.2 296.4  43.7 2.13E-03 001.0 204.7  20.8 1.916245 2.618928 2.582435 hargrave 2016-09-14 13:13:05 
TT 350 296.0  34.1 296.7  43.5 2.06E-03 003.0 205.0  20.7 4.962658 9.631171 2.709990 hargrave 2016-09-26 17:32:31 
TT 400 298.9  33.8 300.1  43.2 1.99E-03 004.7 207.6  20.8 8.317606 13.88810 2.581109 hargrave 2016-10-04 11:09:54 
TT 425 299.0  33.8 300.1  43.2 1.89E-03 006.3 207.6  20.7 9.959981 18.08963 2.472367 hargrave 2016-10-21 11:58:07 
TT 450 298.2  33.6 299.2  43.0 1.88E-03 003.4 207.0  20.5 4.252293 10.02678 2.907974 hargrave 2016-10-28 12:00:54 
TT 475 295.9  33.3 296.6  42.7 1.80E-03 003.3 205.0  19.8 4.950949 8.854474 2.024954 hargrave 2016-11-03 12:34:20 
TT 500 298.0  33.5 299.0  42.9 1.76E-03 003.8 206.8  20.3 4.995630 10.52586 1.936808 hargrave 2016-11-07 12:49:51 
TT 525 301.4  32.9 302.9  42.2 1.73E-03 001.2 210.0  20.1 1.831028 2.659827 1.916466 hargrave 2016-11-08 20:26:42 
TT 550 304.2  32.4 306.0  41.6 1.70E-03 002.3 212.5  20.0 3.594521 5.485185 1.707032 hargrave 2016-11-09 15:44:28 
TT 560 300.3  32.8 301.6  42.2 1.67E-03 002.9 208.9  19.9 4.110331 7.283374 1.709163 hargrave 2016-11-13 21:59:51 
TT 570 299.6  32.9 300.8  42.3 1.63E-03 005.4 208.3  19.9 7.727231 13.17594 1.903818 hargrave 2016-11-14 23:35:49 
TT 575 298.8  32.8 299.9  42.2 1.58E-03 001.8 207.6  19.7 1.929380 4.236703 1.824788 hargrave 2016-11-16 14:27:15 
TT 580 298.1  33.3 299.1  42.7 1.58E-03 003.9 207.0  20.1 4.066560 9.739328 2.324549 hargrave 2016-11-21 15:00:23 
TT 595 298.6  32.6 299.6  42.0 1.31E-03 002.0 207.5  19.5 1.660321 4.001314 1.862932 hargrave 2016-11-23 14:04:59 
TT 610 302.6  32.2 304.2  41.4 9.99E-04 001.2 211.1  19.6 0.917576 1.618921 1.229899 hargrave 2016-11-30 11:23:19 
TT 625 312.1  30.9 314.7  39.7 8.73E-04 013.7 219.8  19.8 13.63935 16.21170 0.963667 hargrave 2016-12-09 15:13:01 
TT 625 298.2  32.8 299.2  42.2 8.94E-04 003.4 207.1  19.6 2.718719 4.502427 1.291431 hargrave 2016-12-09 16:33:17 
TT 640 299.3  33.2 300.5  42.6 4.87E-04 003.7 208.0  20.2 1.542117 2.577523 0.850218 hargrave 2016-12-13 19:02:04 
TT 655 297.0  34.0 297.9  43.4 2.22E-04 001.4 205.9  20.7 0.290511 0.261875 0.404391 hargrave 2016-12-15 16:43:37 
TT 655 299.8  35.1 301.1  44.5 5.14E-05 001.7 208.1  22.1 0.084610 0.107730 0.078189 hargrave 2016-12-17 17:08:08 
TT 675 296.0  32.9 296.7  42.3 1.26E-05 004.4 205.1  19.5 0.045093 0.084749 0.025585 hargrave 2016-12-22 12:33:00 
TT 680 294.3  28.9 294.8  38.4 6.69E-06 002.9 204.2  15.3 0.013048 0.012163 0.031064 hargrave 2016-12-23 09:58:32 
