GB18- 4a sun compass orientation
 247.55 172.3  65.0  20.7   9.5   1.0
NRM    282.2  20.3 281.5  29.7 3.84E-03 001.5 204.9 -40.8 6.836775 5.843563 5.398215 hargrave 2016-09-01 11:09:16 
LN2    282.6  20.0 281.9  29.4 3.67E-03 002.1 205.5 -40.9 8.005211 9.846192 6.211081 hargrave 2016-09-04 18:42:34 
TT 100 286.2  17.8 285.9  27.3 3.63E-03 003.2 210.9 -41.3 14.99453 10.84030 9.349979 hargrave 2016-11-16 16:33:15 
TT 200 282.4  18.2 281.8  27.6 3.50E-03 004.1 206.3 -42.5 16.91774 16.27926 8.570240 hargrave 2016-11-21 16:38:14 
TT 300 282.4  18.4 281.8  27.8 3.28E-03 004.1 206.2 -42.4 15.05463 17.21878 6.367379 hargrave 2016-12-09 23:18:12 
TT 350 283.6  18.4 283.0  27.8 3.02E-03 002.0 207.5 -41.9 7.330150 5.939186 5.516850 hargrave 2016-12-17 13:48:26 
TT 400 282.9  19.2 282.3  28.6 2.94E-03 001.5 206.4 -41.5 4.675461 5.454626 3.763779 hargrave 2017-01-05 12:21:11 
TT 425 284.0  18.7 283.5  28.2 2.73E-03 002.4 207.8 -41.4 5.802768 9.280152 3.559409 hargrave 2017-01-06 15:53:57 
TT 450 283.0  19.1 282.4  28.5 2.66E-03 001.4 206.5 -41.5 3.715823 4.060532 3.541228 hargrave 2017-01-09 16:57:09 
TT 475 284.0  18.8 283.5  28.3 2.59E-03 001.3 207.8 -41.3 3.836698 3.762185 3.046131 hargrave 2017-01-10 17:01:07 
TT 500 282.8  19.3 282.2  28.7 2.51E-03 001.5 206.1 -41.4 4.326999 4.670004 3.054259 hargrave 2017-01-11 19:37:48 
TT 525 281.0  19.8 280.3  29.1 2.40E-03 003.4 203.9 -41.6 10.41688 6.227153 7.903253 hargrave 2017-01-15 19:03:59 
TT 550 281.3  20.1 280.6  29.5 2.21E-03 002.9 204.1 -41.3 7.792127 5.441277 5.862997 hargrave 2017-01-18 14:42:22 
TT 560 281.4  20.2 280.6  29.6 2.11E-03 002.6 204.0 -41.1 6.252632 3.733995 6.501516 hargrave 2017-01-19 01:15:21 
TT 570 282.6  20.3 281.9  29.7 1.96E-03 002.3 205.4 -40.6 5.483006 3.058242 5.227150 hargrave 2017-01-19 16:09:34 
TT 575 283.1  20.2 282.5  29.6 1.88E-03 003.2 206.0 -40.5 7.857974 4.761262 5.432853 hargrave 2017-01-20 14:04:13 
TT 580 282.3  20.6 281.6  30.0 1.84E-03 003.1 204.8 -40.5 7.058609 4.258788 5.987129 hargrave 2017-01-22 13:32:41 
TT 595 282.3  20.2 281.6  29.6 1.80E-03 003.4 205.1 -40.8 2.988427 8.870634 5.577884 hargrave 2017-02-01 16:23:02 
TT 610 278.1  22.4 277.0  31.6 1.68E-03 003.1 199.2 -40.2 3.852546 6.359824 5.268917 hargrave 2017-02-02 15:17:59 
TT 625 279.4  22.5 278.4  31.8 1.45E-03 003.5 200.6 -39.7 2.622850 7.429309 4.217122 hargrave 2017-02-06 14:09:39 
TT 640 281.5  21.8 280.7  31.2 1.30E-03 004.1 203.4 -39.6 2.392404 8.205710 3.735894 hargrave 2017-02-08 12:31:52 
TT 655 281.8  22.2 281.1  31.6 1.18E-03 003.4 203.5 -39.1 4.935182 3.469390 3.670801 hargrave 2017-02-08 21:58:57 
TT 665 280.5  23.2 279.6  32.6 1.05E-03 002.3 201.6 -38.7 2.657379 1.731133 2.995932 hargrave 2017-02-09 15:08:23 
TT 675 277.2  24.3 275.9  33.5 9.81E-04 004.7 197.4 -38.7 1.731460 7.117989 3.313617 hargrave 2017-02-13 17:51:05 
TT 680 279.5  23.3 278.4  32.6 6.40E-04 004.0 200.4 -38.9 1.046214 3.863889 1.997911 hargrave 2017-02-14 22:32:45 
