GB18- 6a sun compass orientation
 248.65 201.2  18.0  20.7   9.5   1.0
NRM    302.9  35.6 304.8  44.8 2.44E-03 003.9 190.0  17.9 3.034025 16.34808 2.425009 hargrave 2016-09-01 11:12:28 
LN2    308.7  34.9 311.3  43.9 2.35E-03 003.9 195.0  17.7 5.871346 13.50545 6.609467 hargrave 2016-09-04 18:47:28 
TT 100 302.9  35.0 304.7  44.2 2.35E-03 002.1 190.0  17.3 3.013356 4.991674 6.627334 hargrave 2016-11-16 16:40:19 
TT 200 303.4  34.1 305.2  43.4 2.31E-03 002.5 190.5  16.5 1.869623 7.966768 6.423494 hargrave 2016-11-21 16:41:51 
TT 300 301.4  34.0 303.0  43.3 2.21E-03 006.1 188.8  16.3 5.700506 21.69607 7.444568 hargrave 2016-12-09 23:21:11 
TT 350 308.7  33.2 311.1  42.2 2.10E-03 003.3 195.1  15.9 3.131122 9.039549 7.399677 hargrave 2016-12-17 14:01:10 
TT 400 303.8  33.7 305.7  42.9 2.02E-03 001.7 190.9  16.1 1.312773 4.794324 3.516349 hargrave 2017-01-05 12:24:14 
TT 425 303.2  33.9 305.0  43.2 1.93E-03 001.2 190.4  16.3 1.191785 2.737721 2.769646 hargrave 2017-01-06 15:56:55 
TT 450 304.7  33.6 306.7  42.8 1.89E-03 001.3 191.7  16.1 1.791168 2.614170 3.013875 hargrave 2017-01-09 17:00:06 
TT 475 306.3  33.7 308.5  42.8 1.85E-03 001.6 193.1  16.2 1.216549 4.588653 2.446949 hargrave 2017-01-10 17:04:00 
TT 500 305.7  33.7 307.7  42.8 1.81E-03 000.9 192.5  16.1 1.176754 1.914290 2.162437 hargrave 2017-01-11 19:40:13 
TT 525 304.7  33.8 306.6  43.0 1.73E-03 002.9 191.6  16.2 2.288342 4.549855 7.213526 hargrave 2017-01-15 19:06:52 
TT 550 307.1  34.5 309.4  43.5 1.57E-03 002.8 193.7  17.0 3.193315 2.383958 6.692889 hargrave 2017-01-18 14:45:14 
TT 560 307.0  34.9 309.4  44.0 1.48E-03 002.7 193.5  17.5 2.375929 2.549501 6.067228 hargrave 2017-01-19 01:18:27 
TT 570 306.1  35.6 308.3  44.8 1.40E-03 002.9 192.7  18.2 2.420361 2.265926 6.353363 hargrave 2017-01-19 16:12:25 
TT 575 303.6  35.8 305.6  45.1 1.36E-03 002.9 190.6  18.2 1.115839 5.333741 4.397316 hargrave 2017-01-20 14:07:55 
TT 580 304.5  35.9 306.6  45.1 1.34E-03 002.6 191.3  18.3 2.394059 2.041077 5.337192 hargrave 2017-01-22 13:35:37 
TT 595 304.7  36.0 306.8  45.2 1.31E-03 003.1 191.5  18.4 3.209950 2.778572 5.923959 hargrave 2017-02-01 16:25:52 
TT 610 303.8  36.8 305.9  46.0 1.22E-03 002.9 190.7  19.1 2.788436 1.802085 5.428828 hargrave 2017-02-02 15:20:50 
TT 625 304.1  37.2 306.2  46.4 1.15E-03 003.2 190.9  19.6 2.790369 3.535278 4.808280 hargrave 2017-02-06 14:11:58 
TT 640 304.9  37.4 307.2  46.5 1.11E-03 002.2 191.5  19.8 1.782339 1.138471 3.891206 hargrave 2017-02-08 12:34:47 
TT 655 303.0  38.9 305.0  48.2 9.86E-04 002.5 189.8  21.2 1.828439 1.157427 3.679418 hargrave 2017-02-08 22:01:55 
TT 665 306.0  39.7 308.7  48.8 8.38E-04 003.0 192.3  22.2 2.007502 2.595261 2.938613 hargrave 2017-02-09 15:11:24 
TT 675 303.1  39.9 305.3  49.2 7.78E-04 004.0 189.8  22.2 2.122726 4.245435 2.633410 hargrave 2017-02-13 17:54:35 
TT 680 310.7  41.1 314.3  49.9 4.26E-04 006.3 195.9  23.9 1.853334 4.131458 1.372793 hargrave 2017-02-14 22:36:18 
