GB18- 5a mag compass orientation (IGRF corrected)
  247.9 195.5  80.0  20.7   9.5   1.0
NRM    306.3  35.0 308.6  44.1 3.62E-03 003.1 202.6 -40.9 7.670273 12.56524 12.86219 hargrave 2016-09-01 11:10:51 
LN2    305.8  34.2 308.0  43.4 3.44E-03 002.3 202.7 -41.7 6.496796 10.41802 7.341590 hargrave 2016-09-04 18:45:52 
TT 100 307.8  33.5 310.2  42.5 3.41E-03 003.2 205.1 -41.6 5.408202 17.46010 5.352902 hargrave 2016-11-16 16:35:06 
TT 200 303.1  34.3 304.8  43.5 3.32E-03 004.2 199.8 -42.7 7.182445 23.13991 3.674080 hargrave 2016-11-21 16:40:05 
TT 300 287.1  79.9 241.5  89.2 2.18E-03 048.4 180.3 -00.1 5.169839 94.05530 227.6842 hargrave 2016-12-09 23:19:46 
TT 300 305.5  33.0 307.4  42.2 3.17E-03 001.8 203.0 -43.0 6.326672 5.542864 5.355929 hargrave 2016-12-11 13:14:59 
TT 350 304.2  33.8 306.1  43.0 3.00E-03 004.5 201.3 -42.7 10.25581 21.02954 7.558968 hargrave 2016-12-17 13:59:32 
TT 400 306.9  33.5 309.1  42.6 2.88E-03 003.4 204.1 -42.0 3.876435 15.24072 7.165647 hargrave 2017-01-05 12:22:47 
TT 425 306.6  33.8 308.8  42.9 2.72E-03 002.4 203.7 -41.8 6.853143 5.546223 7.326145 hargrave 2017-01-06 15:55:27 
TT 450 307.3  33.7 309.6  42.8 2.67E-03 002.4 204.4 -41.6 4.062760 8.574149 5.782485 hargrave 2017-01-09 16:58:39 
TT 475 306.5  34.5 308.7  43.6 2.61E-03 002.6 203.2 -41.3 3.894178 9.617471 5.912990 hargrave 2017-01-10 17:02:34 
TT 500 306.2  33.8 308.4  42.9 2.55E-03 002.9 203.3 -42.0 5.237483 8.970049 8.083148 hargrave 2017-01-11 19:39:04 
TT 525 305.5  34.1 307.5  43.2 2.47E-03 004.1 202.4 -42.0 7.720059 15.91860 3.058170 hargrave 2017-01-15 19:05:28 
TT 550 306.4  34.0 308.6  43.1 2.33E-03 004.1 203.4 -41.7 6.827038 15.21684 2.675635 hargrave 2017-01-18 14:43:48 
TT 560 306.1  34.1 308.3  43.2 2.25E-03 001.9 203.0 -41.7 4.187586 5.828303 2.869400 hargrave 2017-01-19 01:16:55 
TT 570 307.9  33.7 310.3  42.8 2.12E-03 003.4 205.0 -41.4 4.903439 11.32395 2.601117 hargrave 2017-01-19 16:10:59 
TT 575 306.0  34.6 308.2  43.7 2.06E-03 005.0 202.6 -41.3 6.987561 16.45701 2.248884 hargrave 2017-01-20 14:06:04 
TT 580 304.2  35.6 306.2  44.8 2.03E-03 003.7 200.2 -41.1 5.482575 11.73335 2.619926 hargrave 2017-01-22 13:34:10 
TT 595 305.7  35.0 307.9  44.1 2.00E-03 001.4 202.0 -41.1 3.256602 2.797517 2.573558 hargrave 2017-02-01 16:24:27 
TT 610 306.1  35.1 308.3  44.2 1.89E-03 002.9 202.3 -40.9 4.239981 8.465732 2.160452 hargrave 2017-02-02 15:19:24 
TT 625 306.3  35.1 308.6  44.2 1.70E-03 001.4 202.6 -40.8 2.569519 2.906309 2.082304 hargrave 2017-02-06 14:10:48 
TT 640 304.7  36.1 306.9  45.2 1.58E-03 002.2 200.5 -40.5 3.317801 4.963432 1.809089 hargrave 2017-02-08 12:33:27 
TT 655 304.3  36.6 306.5  45.8 1.47E-03 001.9 199.8 -40.2 2.711983 3.998691 1.658143 hargrave 2017-02-08 22:00:35 
TT 665 303.8  37.0 305.9  46.3 1.35E-03 001.7 199.1 -39.9 2.397738 3.224406 1.451388 hargrave 2017-02-09 15:10:02 
TT 675 307.0  35.4 309.4  44.5 1.29E-03 005.2 203.0 -40.2 5.015695 10.48830 1.691612 hargrave 2017-02-13 17:52:58 
TT 680 306.3  35.9 308.6  45.0 9.31E-04 003.2 202.0 -40.1 2.707773 4.289974 1.224711 hargrave 2017-02-14 22:34:41 
