GB18- 7a sun compass orientation
  248.7 189.2  15.0  20.7   9.5   1.0
NRM    295.8  35.9 296.6  45.3 2.77E-03 002.7 194.4  21.4 4.904822 8.171442 8.696227 hargrave 2016-09-01 11:14:28 
LN2    296.4  35.8 297.3  45.2 2.68E-03 003.1 194.9  21.4 4.707613 13.65429 3.162632 hargrave 2016-09-04 18:49:25 
TT 100 291.8  36.0 292.0  45.5 2.68E-03 002.9 190.9  21.3 3.612971 12.55982 3.735973 hargrave 2016-11-16 16:42:53 
TT 200 294.9  35.2 295.6  44.7 2.65E-03 001.4 193.7  20.7 2.425126 4.953706 3.475192 hargrave 2016-11-21 16:43:34 
TT 300 292.9  35.3 293.2  44.7 2.55E-03 002.5 191.9  20.6 1.709694 10.39989 3.715104 hargrave 2016-12-09 23:22:36 
TT 350 296.1  35.0 296.8  44.5 2.41E-03 001.4 194.7  20.6 2.297259 4.404217 3.837882 hargrave 2016-12-17 14:02:43 
TT 400 295.5  35.0 296.2  44.4 2.31E-03 001.5 194.2  20.5 1.971920 3.127106 4.697230 hargrave 2017-01-05 12:25:41 
TT 425 293.7  35.1 294.2  44.6 2.21E-03 001.8 192.7  20.5 2.175076 3.170968 5.824928 hargrave 2017-01-06 15:58:24 
TT 450 295.3  35.0 295.9  44.5 2.17E-03 001.6 194.0  20.5 2.217898 3.767222 4.636962 hargrave 2017-01-09 17:01:35 
TT 475 296.9  35.0 297.8  44.4 2.12E-03 002.3 195.4  20.6 2.074366 6.983334 4.504459 hargrave 2017-01-10 17:05:29 
TT 500 296.9  35.0 297.8  44.4 2.06E-03 002.8 195.4  20.6 3.377167 7.743509 5.994883 hargrave 2017-01-11 19:42:13 
TT 525 294.2  35.5 294.7  45.0 1.98E-03 001.2 193.0  21.0 2.394421 2.128592 3.314742 hargrave 2017-01-15 19:08:18 
TT 550 295.7  36.2 296.5  45.7 1.81E-03 002.3 194.3  21.8 1.567382 6.678939 2.984161 hargrave 2017-01-18 14:46:43 
TT 560 296.3  36.5 297.2  45.9 1.71E-03 001.2 194.8  22.1 1.955794 2.065451 2.487220 hargrave 2017-01-19 01:19:55 
TT 570 297.3  36.9 298.3  46.3 1.65E-03 001.4 195.6  22.5 2.317160 2.063099 2.795488 hargrave 2017-01-19 16:13:54 
TT 575 297.2  37.1 298.2  46.5 1.60E-03 002.1 195.5  22.7 2.130135 4.962629 2.172028 hargrave 2017-01-20 14:09:42 
TT 580 294.4  37.6 295.0  47.0 1.58E-03 001.5 193.1  23.0 1.967750 2.959012 2.673945 hargrave 2017-01-22 13:37:06 
TT 595 293.6  37.5 294.1  47.0 1.55E-03 002.0 192.4  22.9 3.003901 3.775502 2.840314 hargrave 2017-02-01 16:27:20 
TT 610 294.0  38.2 294.6  47.7 1.45E-03 001.6 192.7  23.6 2.377223 2.398842 2.484755 hargrave 2017-02-02 15:22:18 
TT 625 297.0  38.1 298.0  47.5 1.36E-03 001.8 195.2  23.7 2.351454 2.989177 2.188102 hargrave 2017-02-06 14:13:08 
TT 640 295.7  38.4 296.5  47.9 1.31E-03 001.8 194.1  24.0 1.459593 3.597925 1.575509 hargrave 2017-02-08 12:36:02 
TT 655 299.3  39.2 300.8  48.5 1.17E-03 002.2 197.1  24.9 2.330917 3.640293 1.636135 hargrave 2017-02-08 22:03:12 
TT 665 298.3  40.0 299.7  49.4 9.86E-04 002.7 196.2  25.7 2.108978 3.986896 1.486025 hargrave 2017-02-09 15:13:30 
TT 675 292.5  40.7 292.9  50.2 9.09E-04 002.3 191.2  26.0 1.322019 3.195979 1.310410 hargrave 2017-02-13 17:56:09 
TT 680 298.6  40.9 300.1  50.3 4.50E-04 001.2 196.3  26.6 0.542779 0.644164 0.558430 hargrave 2017-02-14 22:37:50 
