GB9- 1a sun compass orientation
 226.35  37.0  22.0  20.7   9.5   1.0
NRM    285.9  16.4 285.6  25.8 1.84E-03 003.4 334.5  36.6 6.850195 4.390378 7.610114 hargrave 2016-08-17 18:26:07 
NRM    286.1  16.3 285.8  25.8 1.84E-03 003.3 334.7  36.6 6.513151 4.004525 7.592194 hargrave 2016-08-17 21:18:05 
LN2    286.5  16.3 286.3  25.8 1.84E-03 003.4 335.3  36.6 5.646270 3.569361 8.781317 hargrave 2016-08-19 20:04:35 
TT 100 287.1  15.9 286.9  25.4 1.84E-03 002.7 336.0  36.4 2.287434 4.608257 7.050214 hargrave 2016-08-26 15:28:48 
TT 200 287.1  14.0 286.8  23.5 1.81E-03 001.4 336.3  34.5 2.740654 2.986934 2.903591 hargrave 2016-09-12 12:22:02 
TT 300 306.4 -22.0 305.6 -12.8 1.28E-03 042.2 359.5 -00.0 2.307304 62.20986 98.32357 hargrave 2016-09-13 14:03:36 
TT 300 305.7 -22.1 304.9 -12.9 1.29E-03 042.0 358.8 -00.1 2.527474 60.59902 98.62497 hargrave 2016-09-14 09:28:10 
TT 300 287.2  12.8 287.0  22.3 1.69E-03 001.7 336.7  33.3 2.783296 3.701381 2.461874 hargrave 2016-09-14 12:29:25 
TT 350 285.9  12.8 285.6  22.3 1.63E-03 001.7 335.2  33.1 2.394459 3.356698 2.866514 hargrave 2016-09-26 16:45:12 
TT 400 286.6  11.7 286.4  21.2 1.53E-03 002.7 336.3  32.2 4.189661 5.244526 3.428049 hargrave 2016-10-03 18:57:52 
TT 425 286.9  11.2 286.7  20.7 1.47E-03 002.0 336.6  31.7 3.355919 3.057789 2.973542 hargrave 2016-10-20 13:49:23 
TT 450 284.6  11.2 284.4  20.7 1.42E-03 002.7 334.1  31.4 3.437732 5.732429 1.683558 hargrave 2016-10-28 11:08:42 
TT 475 284.2  11.1 283.9  20.5 1.36E-03 003.2 333.6  31.2 3.979134 6.104850 2.523720 hargrave 2016-11-03 11:49:49 
TT 500 282.6  10.8 282.2  20.2 1.33E-03 001.4 331.9  30.5 2.138833 1.937930 1.810873 hargrave 2016-11-07 12:04:21 
TT 525 073.0  23.2 075.0  15.6 3.02E-03 070.8 131.1  09.4 320.5526 287.8666 17.39209 hargrave 2016-11-08 19:42:28 
TT 550 284.1  09.9 283.9  19.4 1.26E-03 002.7 333.8  30.0 2.698613 5.124028 1.608913 hargrave 2016-11-09 15:01:20 
TT 560 284.1  09.6 283.8  19.0 1.20E-03 003.1 333.8  29.7 2.440153 5.956624 1.633370 hargrave 2016-11-13 21:15:45 
TT 570 284.9  09.5 284.7  19.0 1.15E-03 003.4 334.8  29.7 2.113977 6.253641 2.317065 hargrave 2016-11-14 21:27:43 
TT 575 286.7  09.2 286.5  18.6 1.14E-03 002.0 336.8  29.6 1.712239 3.490117 1.429593 hargrave 2016-11-16 13:46:54 
TT 580 284.3  09.7 284.0  19.1 1.13E-03 002.0 334.0  29.8 1.752125 3.315274 1.409422 hargrave 2016-11-21 14:15:50 
TT 595 286.7  09.3 286.6  18.8 1.11E-03 001.4 336.8  29.8 1.532190 1.346647 2.060922 hargrave 2016-11-23 13:22:23 
TT 610 285.4  09.5 285.2  18.9 1.03E-03 001.3 335.3  29.8 1.227234 1.485443 1.500480 hargrave 2016-11-30 10:25:26 
TT 625 284.9  09.4 284.7  18.8 9.16E-04 002.2 334.8  29.6 1.736525 2.872414 1.196824 hargrave 2016-12-09 14:30:19 
TT 640 286.6  09.7 286.4  19.2 7.06E-04 001.9 336.5  30.1 1.448856 1.134158 1.633653 hargrave 2016-12-13 18:19:09 
TT 655 286.2  09.5 286.0  19.0 3.34E-04 002.8 336.2  29.9 0.939342 1.190786 0.601371 hargrave 2016-12-15 16:00:30 
TT 665 283.5  10.9 283.1  20.3 1.10E-04 004.3 332.9  30.8 0.491125 0.648911 0.193032 hargrave 2016-12-16 17:55:11 
TT 675 293.5  11.2 293.6  20.7 3.73E-05 002.9 344.2  32.5 0.084398 0.159035 0.062239 hargrave 2016-12-22 12:01:08 
TT 680 281.1  06.4 280.8  15.8 1.47E-05 002.1 331.1  26.0 0.043382 0.037057 0.024700 hargrave 2016-12-22 21:20:12 
