GB9- 3a sun compass orientation
  226.5 350.9   9.0  20.7   9.5   1.0
NRM    268.5  06.6 267.8  15.4 6.67E-04 004.0 007.9  15.5 0.949849 2.199691 4.027810 hargrave 2016-08-17 18:32:36 
NRM    268.1  06.6 267.4  15.3 6.67E-04 004.2 007.4  15.5 0.885965 2.661251 4.001966 hargrave 2016-08-17 21:23:43 
LN2    265.7  06.5 264.9  15.0 6.41E-04 006.0 004.9  15.4 0.832331 5.366499 3.994326 hargrave 2016-08-19 20:10:12 
TT 100 272.1  06.2 271.5  15.2 6.46E-04 003.5 011.5  15.0 0.530874 1.415544 3.651180 hargrave 2016-08-26 15:34:30 
TT 200 271.3  04.8 270.7  13.7 6.41E-04 001.9 010.6  13.6 0.444717 1.756363 1.267485 hargrave 2016-09-12 12:27:53 
TT 300 260.9 -09.1 261.3 -00.8 5.72E-04 016.7 000.0 -00.1 0.323518 11.57967 12.68338 hargrave 2016-09-13 14:09:25 
TT 300 260.8 -09.1 261.2 -00.9 5.73E-04 016.8 359.9 -00.1 0.331928 11.73177 12.76438 hargrave 2016-09-14 09:33:56 
TT 300 269.4  03.0 269.0  11.8 5.96E-04 002.7 008.7  11.9 0.398729 2.634839 0.801551 hargrave 2016-09-14 12:34:59 
TT 350 272.1  02.2 271.7  11.2 5.67E-04 001.3 011.4  11.0 0.313673 0.729593 1.028661 hargrave 2016-09-26 16:51:06 
TT 400 270.0  00.6 269.7  09.5 5.27E-04 003.3 009.2  09.5 0.551499 2.787442 1.271771 hargrave 2016-10-03 19:05:23 
TT 425 272.6 -00.4 272.3  08.6 4.77E-04 003.3 011.8  08.4 0.481745 2.287389 1.509705 hargrave 2016-10-20 13:55:16 
TT 450 271.2  00.6 270.9  09.5 4.55E-04 002.2 010.4  09.4 0.280345 1.470494 0.880553 hargrave 2016-10-28 11:15:30 
TT 475 275.5 -00.4 275.3  08.8 4.34E-04 005.3 014.7  08.3 1.206014 3.853555 0.472677 hargrave 2016-11-03 11:55:14 
TT 500 270.3 -01.4 270.1  07.5 4.19E-04 001.7 009.5  07.5 0.226052 1.146910 0.414733 hargrave 2016-11-07 12:09:58 
TT 525 270.1 -00.5 269.9  08.4 4.06E-04 002.3 009.3  08.4 0.213587 1.376661 0.814089 hargrave 2016-11-08 19:48:05 
TT 550 274.8 -01.0 274.6  08.2 3.87E-04 000.9 014.0  07.8 0.239497 0.367688 0.483893 hargrave 2016-11-09 15:06:57 
TT 560 274.3 -01.0 274.1  08.1 3.77E-04 002.5 013.5  07.7 0.439611 1.461670 0.616858 hargrave 2016-11-13 21:21:18 
TT 570 273.2 -02.8 273.1  06.2 3.67E-04 003.5 012.3  06.0 0.467949 2.005696 0.876177 hargrave 2016-11-14 22:43:44 
TT 575 271.0 -01.9 270.8  07.1 3.64E-04 001.6 010.1  07.0 0.226782 0.944232 0.385132 hargrave 2016-11-16 13:50:25 
TT 580 272.0 -01.5 271.8  07.5 3.61E-04 001.8 011.2  07.3 0.282345 1.035251 0.433802 hargrave 2016-11-21 14:22:22 
TT 595 277.0 -01.5 276.9  07.7 3.48E-04 002.7 016.2  07.1 0.504722 1.362275 0.734546 hargrave 2016-11-23 13:27:57 
TT 610 271.0 -02.2 270.8  06.8 3.30E-04 002.1 010.1  06.7 0.213894 1.116229 0.420879 hargrave 2016-11-30 10:30:40 
TT 625 276.7 -01.7 276.6  07.5 3.17E-04 000.9 016.0  07.0 0.262232 0.302743 0.336239 hargrave 2016-12-09 14:35:59 
TT 640 271.5 -02.2 271.3  06.8 2.72E-04 003.1 010.6  06.7 0.231935 1.286735 0.703263 hargrave 2016-12-13 18:24:50 
TT 655 270.5 -01.8 270.3  07.2 1.50E-04 001.9 009.6  07.1 0.083691 0.192628 0.449861 hargrave 2016-12-15 16:06:00 
TT 665 271.9 -01.7 271.7  07.3 1.01E-04 001.4 011.1  07.2 0.048891 0.084632 0.228129 hargrave 2016-12-16 18:00:52 
TT 675 275.4  00.3 275.2  09.5 5.36E-05 004.1 014.7  09.0 0.125993 0.346521 0.133161 hargrave 2016-12-22 12:05:10 
TT 680 268.4 -00.1 268.1  08.7 4.26E-05 003.8 007.6  08.9 0.035820 0.269335 0.083812 hargrave 2016-12-22 21:24:12 
