GB9- 9a sun compass orientation
 226.15  17.8  24.0  20.7   9.5   1.0
NRM    293.2  29.9 293.5  39.3 5.35E-04 003.0 008.0  53.7 2.121237 0.953373 1.613362 hargrave 2016-08-17 18:44:10 
NRM    292.7  29.8 293.0  39.3 5.35E-04 002.9 007.2  53.7 2.012918 0.923339 1.606751 hargrave 2016-08-18 11:22:46 
LN2    290.6  30.0 290.6  39.5 5.28E-04 004.1 004.1  54.0 2.093212 2.661815 1.678391 hargrave 2016-08-22 08:52:32 
TT 100 294.8  29.7 295.2  39.2 5.29E-04 002.8 010.2  53.4 1.794350 0.939324 1.728271 hargrave 2016-08-26 15:45:22 
TT 200 293.2  29.5 293.5  38.9 5.16E-04 002.7 007.8  53.3 0.813584 2.220943 0.557277 hargrave 2016-09-12 12:37:44 
TT 300 287.4 -23.9 287.6 -14.4 2.89E-04 054.9 359.6  00.1 0.748484 5.184704 41.18925 hargrave 2016-09-13 14:20:57 
TT 300 286.8 -24.0 287.1 -14.5 2.90E-04 054.9 359.1 -00.0 0.765260 5.445311 41.25233 hargrave 2016-09-14 09:44:59 
TT 300 294.8  29.1 295.3  38.5 4.89E-04 001.8 010.2  52.8 1.029101 1.124076 0.677845 hargrave 2016-09-14 12:45:02 
TT 350 293.8  29.5 294.2  39.0 4.49E-04 001.9 008.8  53.3 0.754191 1.019291 0.874173 hargrave 2016-09-26 17:02:24 
TT 400 293.6  28.9 294.0  38.4 4.12E-04 002.5 008.5  52.7 0.779186 1.509460 0.609674 hargrave 2016-10-04 10:39:34 
TT 425 294.6  28.6 295.0  38.1 3.96E-04 001.8 009.8  52.4 0.765901 0.897165 0.405849 hargrave 2016-10-21 11:26:20 
TT 450 294.7  28.8 295.2  38.3 3.93E-04 002.5 010.0  52.6 0.680166 1.528136 0.340582 hargrave 2016-10-28 11:27:28 
TT 475 294.2  28.9 294.6  38.4 3.70E-04 001.8 009.2  52.7 0.675318 0.808092 0.587021 hargrave 2016-11-03 12:04:10 
TT 500 295.8  28.7 296.3  38.1 3.64E-04 001.6 011.5  52.3 0.589715 0.811975 0.303459 hargrave 2016-11-07 12:19:53 
TT 525 294.5  28.8 294.9  38.2 3.60E-04 003.7 009.6  52.5 0.558381 2.219439 0.332706 hargrave 2016-11-08 19:58:55 
TT 550 295.0  28.6 295.6  38.1 3.48E-04 001.6 010.4  52.4 0.588102 0.691273 0.368521 hargrave 2016-11-09 15:16:17 
TT 560 296.1  29.0 296.8  38.5 3.37E-04 002.4 012.1  52.7 0.951595 0.974654 0.494582 hargrave 2016-11-13 21:31:15 
TT 570 294.9  28.7 295.4  38.2 3.34E-04 001.7 010.2  52.5 0.612502 0.631908 0.432816 hargrave 2016-11-14 23:04:53 
TT 575 295.7  28.7 296.3  38.1 3.29E-04 001.5 011.4  52.3 0.541370 0.587562 0.377769 hargrave 2016-11-16 14:01:19 
TT 580 295.3  28.5 295.8  37.9 3.25E-04 001.4 010.8  52.2 0.562813 0.555334 0.252866 hargrave 2016-11-21 14:33:12 
TT 595 294.1  28.7 294.5  38.2 3.18E-04 003.2 009.1  52.5 0.969121 1.409067 0.582905 hargrave 2016-11-23 13:36:58 
TT 610 293.7  28.6 294.0  38.0 3.03E-04 002.3 008.5  52.4 0.476617 1.050901 0.322801 hargrave 2016-11-30 10:44:14 
TT 625 296.2  28.4 296.9  37.8 2.77E-04 001.8 012.1  52.0 0.536293 0.616414 0.300765 hargrave 2016-12-09 14:45:04 
TT 640 293.3  28.2 293.6  37.7 2.45E-04 002.7 007.9  52.1 0.588700 0.873249 0.491952 hargrave 2016-12-13 18:34:49 
TT 655 289.8  28.1 289.7  37.6 1.67E-04 002.4 002.9  52.1 0.382422 0.495833 0.290886 hargrave 2016-12-15 16:14:55 
TT 665 289.4  28.2 289.2  37.7 7.97E-05 002.2 002.2  52.2 0.174574 0.203038 0.143730 hargrave 2016-12-16 18:10:00 
TT 675 288.8 -02.1 288.8  07.4 3.51E-05 053.3 001.0  21.9 2.230871 1.538711 4.266512 hargrave 2016-12-22 12:12:19 
TT 675 290.5  28.3 290.4  37.8 5.89E-05 003.3 003.8  52.3 0.115995 0.316401 0.080012 hargrave 2016-12-22 13:21:53 
TT 680 290.1  28.4 290.1  37.9 5.16E-05 003.3 003.3  52.4 0.095786 0.274916 0.074293 hargrave 2016-12-22 21:31:21 
