GB9- 5a sun compass orientation
 226.55  30.6  19.0  20.7   9.5   1.0
NRM    296.7  29.3 297.4  38.7 2.01E-03 005.5 354.9  48.2 8.062235 17.09428 5.036633 hargrave 2016-08-17 18:36:35 
NRM    300.4  28.3 301.5  37.6 2.02E-03 002.3 359.7  47.3 5.284237 5.896946 2.879766 hargrave 2016-08-18 11:15:59 
LN2    299.8  29.3 300.9  38.6 1.99E-03 007.3 359.0  48.3 7.532283 23.73350 6.109340 hargrave 2016-08-22 08:45:46 
TT 100 305.0  29.1 306.6  38.3 1.99E-03 003.4 005.7  48.0 3.292390 10.71712 3.543644 hargrave 2016-08-26 15:38:31 
TT 200 297.7  28.2 298.5  37.6 1.98E-03 001.5 356.3  47.2 3.330333 3.773853 3.089925 hargrave 2016-09-12 12:31:01 
TT 300 302.2 -18.7 301.7 -09.4 1.24E-03 050.5 001.5  00.3 4.250965 29.24122 148.2780 hargrave 2016-09-13 14:12:56 
TT 300 303.2 -18.9 302.6 -09.6 1.24E-03 050.7 002.4  00.1 4.069820 31.33630 148.6060 hargrave 2016-09-14 09:37:32 
TT 300 291.8  27.9 292.0  37.4 1.89E-03 004.2 348.7  46.6 3.708554 13.35921 2.987477 hargrave 2016-09-14 12:38:17 
TT 350 299.1  28.0 300.1  37.4 1.78E-03 001.5 358.1  47.0 3.304370 3.008493 2.892639 hargrave 2016-09-26 16:54:33 
TT 400 302.3  27.2 303.6  36.5 1.67E-03 003.8 002.2  46.2 3.259901 10.84218 2.892563 hargrave 2016-10-04 10:32:41 
TT 425 295.8  26.7 296.4  36.2 1.60E-03 002.5 353.9  45.6 3.173762 6.104940 3.441547 hargrave 2016-10-21 11:17:44 
TT 450 298.3  27.3 299.1  36.7 1.55E-03 002.6 357.0  46.3 2.816275 6.126095 3.083721 hargrave 2016-10-28 11:19:23 
TT 475 296.5  27.7 297.2  37.1 1.49E-03 001.4 354.8  46.6 2.663481 2.586295 2.418135 hargrave 2016-11-03 11:58:16 
TT 500 300.2  27.4 301.3  36.8 1.46E-03 001.6 359.5  46.4 2.484747 3.196272 2.615138 hargrave 2016-11-07 12:13:06 
TT 525 299.9  27.3 300.9  36.6 1.43E-03 002.3 359.2  46.3 2.514502 4.825569 2.672744 hargrave 2016-11-08 19:51:16 
TT 550 300.7  27.3 301.8  36.6 1.39E-03 003.5 000.1  46.3 2.860535 7.795367 2.861606 hargrave 2016-11-09 15:10:03 
TT 560 298.1  27.2 298.9  36.6 1.39E-03 001.3 356.7  46.2 2.576408 2.308011 2.307805 hargrave 2016-11-13 21:24:30 
TT 570 293.1  26.4 293.3  35.9 1.37E-03 003.2 350.4  45.2 2.507097 7.421999 2.103508 hargrave 2016-11-14 22:58:13 
TT 575 301.2  27.3 302.3  36.7 1.35E-03 001.7 000.7  46.3 2.250138 3.295859 2.340431 hargrave 2016-11-16 13:53:39 
TT 580 297.5  27.2 298.2  36.7 1.34E-03 001.9 356.0  46.2 2.592305 2.601772 2.778021 hargrave 2016-11-21 14:25:36 
TT 595 300.5  27.3 301.6  36.6 1.31E-03 006.3 359.9  46.3 2.570412 14.21616 2.279857 hargrave 2016-11-23 13:31:00 
TT 610 299.2  27.5 300.1  36.8 1.27E-03 002.0 358.2  46.5 2.451849 2.979926 2.585748 hargrave 2016-11-30 10:35:22 
TT 625 301.5  27.1 302.6  36.5 1.22E-03 002.4 001.1  46.1 2.224344 4.267464 2.163860 hargrave 2016-12-09 14:39:07 
TT 640 297.0  27.3 297.6  36.7 1.13E-03 001.9 355.3  46.2 2.309266 2.981699 1.785890 hargrave 2016-12-13 18:28:03 
TT 655 298.1  28.6 299.0  38.0 6.65E-04 003.1 356.8  47.6 1.279962 3.305966 1.220399 hargrave 2016-12-15 16:09:02 
TT 665 301.6  27.8 302.8  37.1 2.84E-04 001.7 001.3  46.8 0.590240 0.550377 0.495601 hargrave 2016-12-16 18:03:59 
TT 675 303.6  30.5 305.2  39.7 1.09E-04 006.1 004.0  49.5 0.268555 1.111685 0.243948 hargrave 2016-12-22 12:07:36 
TT 680 309.3  21.4 310.8  30.4 4.11E-05 004.9 010.6  40.2 0.080099 0.326250 0.109688 hargrave 2016-12-22 21:26:41 
