GB9- 2a sun compass orientation
 226.15 209.4  31.0  20.7   9.5   1.0
NRM    295.9  22.5 296.3  32.0 3.08E-03 004.4 176.7 -08.5 3.176508 19.32888 13.73117 hargrave 2016-08-17 18:28:00 
NRM    294.5  22.5 294.8  32.0 3.08E-03 005.6 175.4 -08.4 4.062666 26.76666 13.45739 hargrave 2016-08-17 21:19:58 
LN2    295.9  22.9 296.3  32.4 3.06E-03 004.8 176.7 -08.0 3.149230 22.28103 12.91794 hargrave 2016-08-19 20:06:27 
TT 100 298.1  22.5 298.7  31.9 3.06E-03 003.3 178.8 -08.5 1.072417 14.81425 10.02803 hargrave 2016-08-26 15:30:42 
TT 200 300.6  22.6 301.4  31.9 3.05E-03 002.7 181.1 -08.4 2.057338 13.77312 3.256993 hargrave 2016-09-12 12:23:54 
TT 300 300.1  31.0 301.2  40.4 2.88E-03 011.0 180.6  00.0 1.128225 10.10904 54.86052 hargrave 2016-09-13 14:07:44 
TT 300 300.3  31.1 301.5  40.5 2.88E-03 011.0 180.7  00.1 1.579928 9.090930 55.37216 hargrave 2016-09-14 09:32:12 
TT 300 298.3  22.0 298.9  31.4 2.93E-03 002.1 179.0 -09.0 1.416087 9.311709 5.333575 hargrave 2016-09-14 12:33:22 
TT 350 300.4  21.7 301.2  31.1 2.84E-03 001.7 180.9 -09.3 2.136342 6.068138 5.778834 hargrave 2016-09-26 16:48:27 
TT 400 301.0  21.7 301.9  31.0 2.72E-03 004.5 181.5 -09.3 2.736379 20.98643 3.771558 hargrave 2016-10-03 19:01:30 
TT 425 301.3  21.7 302.2  31.0 2.65E-03 003.2 181.8 -09.3 2.769655 14.61146 3.162134 hargrave 2016-10-20 13:51:18 
TT 450 300.9  21.3 301.8  30.6 2.55E-03 002.4 181.4 -09.7 2.139785 9.307501 5.397334 hargrave 2016-10-28 11:13:33 
TT 475 300.1  20.8 300.8  30.2 2.44E-03 001.2 180.6 -10.2 1.340385 2.243815 4.442054 hargrave 2016-11-03 11:53:37 
TT 500 299.7  20.9 300.4  30.3 2.32E-03 002.3 180.3 -10.1 1.363023 9.022840 2.735861 hargrave 2016-11-07 12:06:13 
TT 525 300.8  20.4 301.7  29.8 2.16E-03 001.3 181.4 -10.6 1.582754 2.212881 4.242703 hargrave 2016-11-08 19:46:28 
TT 550 304.7  19.9 305.7  29.1 1.83E-03 003.1 185.0 -11.0 1.271261 9.075877 3.540353 hargrave 2016-11-09 15:05:18 
TT 560 300.5  19.4 301.2  28.8 1.59E-03 001.0 181.1 -11.6 0.842641 0.900705 2.413955 hargrave 2016-11-13 21:19:41 
TT 570 297.5  18.4 298.0  27.8 1.26E-03 006.2 178.2 -12.6 1.468122 13.50571 1.698385 hargrave 2016-11-14 21:29:36 
TT 575 302.4  18.4 303.3  27.7 1.19E-03 001.2 183.0 -12.6 0.824516 1.604025 1.779089 hargrave 2016-11-16 13:48:47 
TT 580 301.2  18.2 301.9  27.5 1.14E-03 001.6 181.7 -12.8 1.191761 1.709397 2.654860 hargrave 2016-11-21 14:20:40 
TT 595 302.3  17.0 303.0  26.3 8.67E-04 001.3 182.8 -14.0 0.662513 1.279184 1.333681 hargrave 2016-11-23 13:26:20 
TT 610 302.6  15.9 303.3  25.2 7.26E-04 002.2 183.1 -15.1 0.283134 2.431613 1.341569 hargrave 2016-11-30 10:27:49 
TT 625 306.6  15.8 307.6  24.9 6.69E-04 003.5 187.2 -15.0 0.583240 3.873420 1.349662 hargrave 2016-12-09 14:34:21 
TT 640 303.8  15.0 304.6  24.3 5.43E-04 002.2 184.4 -15.9 0.376773 1.887263 0.841192 hargrave 2016-12-13 18:23:13 
TT 655 301.5  12.3 302.0  21.6 2.98E-04 003.9 182.1 -18.7 0.157775 1.992121 0.431311 hargrave 2016-12-15 16:04:23 
TT 665 304.6  09.6 305.2  18.8 1.71E-04 001.3 185.6 -21.3 0.170171 0.233250 0.279881 hargrave 2016-12-16 17:59:12 
TT 675 298.4  04.9 298.6  14.3 8.22E-05 002.5 178.9 -26.1 0.147964 0.305406 0.174905 hargrave 2016-12-22 12:03:47 
TT 680 306.9 -00.3 307.1  08.9 5.12E-05 001.6 188.7 -31.0 0.105521 0.072251 0.086020 hargrave 2016-12-22 21:22:51 
