GB9- 8a sun compass orientation
  226.5  31.0  19.0  20.7   9.5   1.0
NRM    305.3  18.8 306.4  28.0 2.64E-03 003.3 005.1  37.8 10.56552 4.024226 10.38186 hargrave 2016-08-17 18:42:33 
NRM    305.4  18.7 306.5  27.9 2.64E-03 003.2 005.2  37.7 10.37567 4.140376 9.955267 hargrave 2016-08-18 11:21:07 
LN2    301.0  18.9 301.8  28.2 2.64E-03 003.9 000.0  37.9 11.16788 9.846458 10.87653 hargrave 2016-08-22 08:50:54 
TT 100 306.7  18.9 307.8  28.0 2.63E-03 002.9 006.8  37.8 8.100427 3.713845 9.811444 hargrave 2016-08-26 15:43:43 
TT 200 303.8  18.2 304.8  27.4 2.60E-03 001.6 003.4  37.1 4.771866 6.222671 2.989828 hargrave 2016-09-12 12:36:06 
TT 300 301.2 -19.0 300.7 -09.6 1.98E-03 039.0 000.2  00.0 3.690388 12.97524 159.6160 hargrave 2016-09-13 14:18:16 
TT 300 300.5 -19.0 300.1 -09.7 1.98E-03 039.0 359.6 -00.0 3.715018 15.13843 159.9158 hargrave 2016-09-14 09:43:15 
TT 300 304.3  18.1 305.3  27.3 2.49E-03 001.5 004.0  37.1 4.823714 4.442867 3.556717 hargrave 2016-09-14 12:43:24 
TT 350 303.9  18.1 304.9  27.3 2.35E-03 001.6 003.5  37.1 3.931741 4.523141 3.613819 hargrave 2016-09-26 17:00:43 
TT 400 305.7  17.6 306.8  26.8 2.26E-03 002.5 005.6  36.5 5.356517 8.084423 4.506238 hargrave 2016-10-04 10:37:51 
TT 425 306.0  17.3 307.1  26.4 2.18E-03 002.7 006.0  36.2 4.995515 9.450850 3.328832 hargrave 2016-10-21 11:24:39 
TT 450 305.0  17.3 306.0  26.5 2.15E-03 001.3 004.8  36.2 3.626569 3.560904 2.220286 hargrave 2016-10-28 11:25:30 
TT 475 305.0  17.4 306.0  26.6 2.05E-03 001.9 004.7  36.3 3.373927 5.717073 2.808347 hargrave 2016-11-03 12:02:41 
TT 500 304.8  17.0 305.8  26.2 2.01E-03 001.7 004.5  36.0 4.436932 4.612824 2.457296 hargrave 2016-11-07 12:18:15 
TT 525 304.7  16.8 305.6  26.0 1.96E-03 002.3 004.3  35.8 3.714288 6.992391 2.145907 hargrave 2016-11-08 19:57:17 
TT 550 305.9  16.7 306.9  25.8 1.89E-03 001.3 005.7  35.6 3.454362 2.613391 2.218610 hargrave 2016-11-09 15:14:45 
TT 560 305.5  16.7 306.4  25.9 1.84E-03 001.4 005.2  35.6 3.627064 2.829414 2.235112 hargrave 2016-11-13 21:29:37 
TT 570 304.3  16.7 305.2  26.0 1.81E-03 001.9 003.9  35.7 4.473944 4.167386 3.496793 hargrave 2016-11-14 23:03:16 
TT 575 305.8  16.5 306.8  25.6 1.77E-03 001.4 005.7  35.4 2.499844 3.280446 2.092446 hargrave 2016-11-16 13:59:41 
TT 580 304.7  16.5 305.7  25.7 1.76E-03 001.2 004.4  35.4 2.741374 2.276873 2.045005 hargrave 2016-11-21 14:31:34 
TT 595 306.3  16.3 307.3  25.5 1.70E-03 002.8 006.3  35.2 4.723339 6.768970 2.817389 hargrave 2016-11-23 13:35:29 
TT 610 304.5  16.2 305.4  25.4 1.60E-03 001.6 004.2  35.1 2.450510 3.584187 1.994461 hargrave 2016-11-30 10:41:58 
TT 625 303.6  16.0 304.4  25.3 1.42E-03 001.2 003.1  35.0 2.356015 1.817372 1.484057 hargrave 2016-12-09 14:43:33 
TT 640 304.3  16.1 305.2  25.3 1.28E-03 001.8 003.9  35.0 3.214263 1.842594 2.596198 hargrave 2016-12-13 18:33:11 
TT 655 305.5  16.3 306.5  25.4 7.02E-04 004.8 005.3  35.2 2.470465 5.364650 1.333422 hargrave 2016-12-15 16:13:26 
TT 665 306.0  17.4 307.1  26.5 1.48E-04 002.1 006.0  36.3 0.396116 0.293547 0.320222 hargrave 2016-12-16 18:08:28 
TT 675 302.5  16.4 303.3  25.7 3.07E-05 007.4 001.7  35.4 0.086479 0.391720 0.065565 hargrave 2016-12-22 12:11:04 
TT 680 299.3  10.6 299.7  20.0 8.89E-06 003.3 358.0  29.6 0.016304 0.043590 0.024824 hargrave 2016-12-22 21:30:08 
