GB8- 7a mag compass orientation (IGRF corrected)
 187.25 277.5  65.0  20.7   9.5   1.0
NRM    293.4  31.0 293.8  40.5 1.72E-02 001.8 124.5  00.3 14.21146 13.99351 51.94300 hargrave 2016-08-17 18:20:38 
NRM    294.8  33.2 295.4  42.7 1.73E-02 002.8 127.0  00.3 57.57764 38.92870 51.27005 hargrave 2016-08-17 21:13:18 
LN2    293.6  31.0 293.9  40.5 1.67E-02 002.2 124.6  00.2 33.54191 20.93320 50.33517 hargrave 2016-08-19 19:59:59 
TT 100 294.0  31.2 294.4  40.7 1.67E-02 001.7 124.9 -00.0 15.71362 16.23655 45.29700 hargrave 2016-08-26 15:24:09 
TT 200 292.6  30.0 292.9  39.5 1.61E-02 001.3 123.3  00.4 26.12125 19.50458 19.59757 hargrave 2016-09-12 12:17:24 
TT 300 008.8  65.0 029.4  65.2 8.20E-03 059.3 180.5 -00.0 15.99365 1399.074 22.02017 hargrave 2016-09-13 13:58:08 
TT 300 008.7  65.0 029.3  65.3 8.21E-03 059.3 180.5 -00.0 15.01466 1398.523 21.25928 hargrave 2016-09-14 09:22:23 
TT 300 292.5  29.9 292.8  39.4 1.55E-02 001.3 123.1  00.4 25.30086 16.65424 18.04110 hargrave 2016-09-14 12:24:01 
TT 350 291.4  27.5 291.5  37.0 1.49E-02 005.2 120.5  00.1 114.5316 69.94056 20.18491 hargrave 2016-09-26 16:39:52 
TT 400 294.1  32.1 294.6  41.5 1.41E-02 002.1 125.7  00.3 37.22359 28.68505 22.13398 hargrave 2016-10-03 18:53:16 
TT 425 293.7  31.1 294.1  40.6 1.36E-02 004.1 124.7  00.1 81.04650 50.87678 18.26484 hargrave 2016-10-20 13:43:46 
TT 450 294.3  32.4 294.8  41.8 1.36E-02 002.5 126.0  00.3 49.36881 27.63183 17.01425 hargrave 2016-10-28 10:58:58 
TT 475 290.7  26.6 290.8  36.1 1.29E-02 000.9 119.5  00.2 9.155849 8.319478 18.32842 hargrave 2016-11-03 11:45:07 
TT 500 293.4  30.9 293.8  40.4 1.26E-02 001.0 124.4  00.2 10.80719 15.56367 15.62286 hargrave 2016-11-07 11:58:53 
TT 525 292.2  29.1 292.4  38.6 1.23E-02 002.6 122.3  00.2 46.90411 29.27754 14.11894 hargrave 2016-11-08 19:36:27 
TT 550 294.1  31.7 294.6  41.2 1.19E-02 001.3 125.4  00.1 19.55129 13.65084 13.39277 hargrave 2016-11-09 14:55:41 
TT 560 293.9  31.9 294.3  41.4 1.12E-02 000.7 125.4  00.4 7.668524 5.218533 12.88392 hargrave 2016-11-13 21:08:54 
TT 570 295.8  34.1 296.5  43.6 1.04E-02 001.5 128.2  00.1 20.49450 14.63950 13.01138 hargrave 2016-11-14 21:22:11 
TT 575 293.6  31.2 293.9  40.7 9.93E-03 001.5 124.7  00.3 18.70775 13.70152 11.93140 hargrave 2016-11-16 13:40:48 
TT 580 293.5  30.8 293.9  40.3 9.84E-03 001.9 124.4  00.1 25.71296 16.88308 11.53465 hargrave 2016-11-21 14:09:49 
TT 595 295.0  33.3 295.6  42.8 8.19E-03 000.9 127.1  00.2 7.693744 5.485899 10.98782 hargrave 2016-11-23 13:17:44 
TT 610 294.5  32.3 295.0  41.7 3.46E-03 001.8 126.0  00.1 8.430347 5.812433 4.646535 hargrave 2016-11-30 16:49:05 
TT 625 295.4  35.3 296.1  44.7 2.45E-03 001.1 129.0  00.9 3.137422 2.690536 2.808140 hargrave 2016-12-09 14:25:34 
TT 640 295.0  34.5 295.7  43.9 2.04E-03 002.2 128.2  00.8 5.499690 4.229442 3.848655 hargrave 2016-12-13 18:13:58 
TT 655 294.4  33.8 295.0  43.3 1.99E-03 005.2 127.4  00.9 14.23062 10.87162 3.549148 hargrave 2016-12-15 15:55:53 
TT 665 296.0  35.7 296.8  45.2 1.82E-03 008.3 129.7  00.7 20.30832 16.78337 3.809017 hargrave 2016-12-16 17:50:29 
TT 675 293.0  32.0 293.3  41.5 1.53E-03 001.7 125.2  01.0 3.009410 2.180504 2.630838 hargrave 2016-12-22 11:57:20 
TT 680 292.1  30.6 292.3  40.1 1.54E-03 000.9 123.6  01.1 0.738058 0.988824 2.312817 hargrave 2016-12-22 21:16:26 
