GB8- 3a sun compass orientation
  187.4 273.4  54.0  20.7   9.5   1.0
NRM    299.0  31.4 300.1  40.8 3.86E-03 002.3 129.7  00.5 9.711823 8.210518 9.123589 hargrave 2016-08-17 18:14:24 
NRM    299.4  31.9 300.5  41.3 3.86E-03 001.8 130.2  00.6 6.909515 6.024300 8.493350 hargrave 2016-08-17 21:06:14 
LN2    300.0  32.3 301.3  41.7 3.54E-03 002.2 130.9  00.5 7.997737 7.100074 8.477169 hargrave 2016-08-19 19:53:47 
TT 100 302.0  34.0 303.6  43.3 3.57E-03 002.3 133.3  00.4 7.218663 8.592319 9.149703 hargrave 2016-08-26 15:17:01 
TT 200 299.6  31.6 300.8  41.0 3.51E-03 003.8 130.2  00.2 17.70339 14.88730 4.683568 hargrave 2016-09-12 12:11:10 
TT 300 003.1  53.8 016.3  55.6 2.18E-03 051.8 179.8 -00.2 2.281635 279.2460 3.529191 hargrave 2016-09-13 13:47:55 
TT 300 001.9  53.8 015.1  55.9 2.22E-03 051.1 179.1 -00.2 5.253978 276.2365 3.469337 hargrave 2016-09-14 09:14:36 
TT 300 300.3  32.5 301.6  41.8 3.41E-03 001.3 131.2  00.4 5.966488 4.859516 3.462678 hargrave 2016-09-14 12:15:51 
TT 350 299.7  31.4 300.8  40.8 3.30E-03 000.9 130.1  00.1 2.895538 2.323842 4.063574 hargrave 2016-09-26 16:29:36 
TT 400 298.8  30.6 299.8  40.0 3.14E-03 002.4 128.9  00.0 9.588794 8.088098 3.916083 hargrave 2016-10-03 18:45:21 
TT 425 300.6  32.2 301.9  41.6 3.05E-03 003.1 131.2  00.1 12.78064 10.30616 3.706917 hargrave 2016-10-20 13:36:28 
TT 450 300.3  32.1 301.5  41.5 3.04E-03 003.8 130.9  00.2 15.87428 12.47539 3.804972 hargrave 2016-10-28 10:49:17 
TT 475 299.1  30.8 300.1  40.2 2.89E-03 001.2 129.3  00.0 3.465635 3.509858 3.474623 hargrave 2016-11-03 11:38:02 
TT 500 299.9  31.5 301.1  40.9 2.82E-03 001.5 130.3 -00.0 5.765648 3.709229 3.624956 hargrave 2016-11-07 11:50:56 
TT 525 300.3  32.3 301.6  41.6 2.72E-03 001.7 131.1  00.2 5.699567 4.769151 3.096930 hargrave 2016-11-08 19:27:29 
TT 550 300.0  31.9 301.2  41.3 2.62E-03 001.0 130.6  00.2 2.606540 2.297259 2.925036 hargrave 2016-11-09 14:47:12 
TT 560 300.0  31.9 301.2  41.3 2.49E-03 001.0 130.6  00.2 3.270213 1.899266 2.467401 hargrave 2016-11-13 20:59:08 
TT 570 301.8  33.2 303.3  42.5 2.37E-03 002.0 132.6  00.0 6.059372 5.472462 2.494736 hargrave 2016-11-14 21:13:18 
TT 575 301.8  33.6 303.3  42.9 2.30E-03 000.8 132.8  00.3 1.374334 1.258639 2.771354 hargrave 2016-11-16 13:33:29 
TT 580 301.3  32.9 302.7  42.2 2.29E-03 002.5 132.1  00.1 7.310119 6.180094 2.898081 hargrave 2016-11-21 14:00:53 
TT 595 303.6  35.3 305.5  44.5 2.13E-03 001.2 135.1  00.4 2.678376 2.492550 2.577349 hargrave 2016-11-23 13:11:23 
TT 610 302.4  34.2 304.1  43.5 1.86E-03 001.1 133.6  00.3 2.108809 1.943114 2.275390 hargrave 2016-11-30 16:42:50 
TT 625 297.8  30.3 298.7  39.7 1.80E-03 008.2 128.2  00.5 20.39809 15.95823 2.271248 hargrave 2016-12-09 14:19:11 
TT 625 300.2  32.4 301.5  41.8 1.81E-03 001.5 131.1  00.4 3.309985 2.849710 2.175669 hargrave 2016-12-09 16:31:34 
TT 640 300.1  32.2 301.4  41.6 1.70E-03 003.1 130.9  00.3 6.746915 5.854724 2.612233 hargrave 2016-12-13 18:05:48 
TT 655 302.3  34.0 303.9  43.2 1.67E-03 001.0 133.4  00.3 1.558064 1.371797 2.276581 hargrave 2016-12-15 15:49:38 
TT 665 300.4  31.9 301.7  41.2 1.56E-03 005.5 130.8 -00.1 11.24166 9.645834 2.503427 hargrave 2016-12-16 17:44:33 
TT 675 301.9  34.1 303.5  43.4 1.48E-03 001.0 133.3  00.6 1.064191 0.779054 2.411876 hargrave 2016-12-22 11:52:20 
TT 680 298.4  31.8 299.4  41.2 1.28E-03 001.2 129.6  01.1 1.308498 1.491828 1.887401 hargrave 2016-12-22 21:11:43 
