GB8- 6a mag compass orientation (IGRF corrected)
 186.65 104.5  19.0  20.7   9.5   1.0
NRM    305.4  27.9 307.0  37.0 5.30E-03 001.2 280.0  33.0 8.291442 6.635334 5.952327 hargrave 2016-08-17 18:19:03 
NRM    305.3  27.9 306.9  37.0 5.31E-03 001.2 279.9  33.0 7.830469 6.770106 5.934758 hargrave 2016-08-17 21:10:52 
LN2    304.1  28.3 305.6  37.5 5.11E-03 001.1 278.6  33.0 6.340481 6.370477 5.852137 hargrave 2016-08-19 19:58:24 
TT 100 306.3  27.7 308.0  36.8 5.12E-03 001.3 281.0  33.2 7.615070 6.920547 5.555015 hargrave 2016-08-26 15:22:32 
TT 200 304.6  27.3 306.1  36.5 4.98E-03 001.9 279.5  32.2 13.90373 7.909419 7.090030 hargrave 2016-09-12 12:15:48 
TT 300 014.8 -18.8 011.7 -17.5 5.40E-04 081.5 000.2  00.2 6.125140 424.2424 274.9534 hargrave 2016-09-13 13:54:22 
TT 300 015.4 -19.1 012.3 -18.0 5.58E-04 081.4 000.9 -00.1 6.835906 424.9329 275.3152 hargrave 2016-09-14 09:20:28 
TT 300 303.9  27.5 305.3  36.7 4.76E-03 001.0 278.7  32.1 5.436862 6.760951 6.594452 hargrave 2016-09-14 12:21:19 
TT 350 305.6  26.8 307.2  35.9 4.56E-03 002.3 280.7  32.0 16.93120 7.438571 5.871887 hargrave 2016-09-26 16:37:57 
TT 400 307.0  26.6 308.7  35.7 4.23E-03 002.5 282.1  32.3 16.23977 7.646989 7.416159 hargrave 2016-10-03 18:51:37 
TT 425 305.4  27.1 307.0  36.2 4.05E-03 002.4 280.4  32.3 14.78676 6.373427 7.372928 hargrave 2016-10-20 13:42:07 
TT 450 302.5  27.7 303.8  37.0 4.02E-03 001.1 277.3  31.9 4.617157 4.699108 6.669157 hargrave 2016-10-28 10:56:46 
TT 475 302.2  27.9 303.5  37.2 3.76E-03 001.2 276.9  32.0 5.900328 4.359111 4.589324 hargrave 2016-11-03 11:43:30 
TT 500 305.3  27.0 306.9  36.1 3.63E-03 002.1 280.3  32.1 12.12462 4.115178 6.688827 hargrave 2016-11-07 11:57:18 
TT 525 305.4  26.8 307.0  35.9 3.52E-03 002.5 280.5  32.0 14.22807 3.970894 4.743670 hargrave 2016-11-08 19:33:46 
TT 550 305.8  26.7 307.4  35.8 3.36E-03 001.0 280.9  32.0 3.021969 4.043045 4.569363 hargrave 2016-11-09 14:53:09 
TT 560 306.0  26.7 307.6  35.9 3.15E-03 001.1 281.1  32.1 3.232774 3.418691 4.753731 hargrave 2016-11-13 21:05:20 
TT 570 305.9  26.9 307.5  36.1 2.86E-03 001.5 280.9  32.3 5.176262 3.618730 4.579577 hargrave 2016-11-14 21:20:36 
TT 575 306.8  26.3 308.5  35.4 2.69E-03 001.2 282.1  32.0 3.376152 3.127768 3.668717 hargrave 2016-11-16 13:38:51 
TT 580 306.1  26.9 307.7  36.0 2.66E-03 001.3 281.1  32.3 3.564696 3.367754 3.966682 hargrave 2016-11-21 14:07:58 
TT 595 305.7  27.0 307.3  36.2 2.08E-03 001.7 280.7  32.3 4.834431 2.311620 3.275167 hargrave 2016-11-23 13:16:07 
TT 610 307.0  27.0 308.8  36.1 1.04E-03 001.3 282.0  32.7 1.019655 1.451215 1.593168 hargrave 2016-11-30 16:47:29 
TT 625 309.6  27.2 311.6  36.1 9.57E-04 001.4 284.5  33.7 1.717369 1.026717 1.435645 hargrave 2016-12-09 14:23:57 
TT 640 306.4  28.1 308.1  37.2 8.86E-04 002.0 280.9  33.5 2.541611 1.130679 1.290326 hargrave 2016-12-13 18:12:07 
TT 655 312.5  27.0 314.8  35.7 8.48E-04 003.1 287.5  34.4 4.400115 1.071930 1.182033 hargrave 2016-12-15 15:54:17 
TT 665 307.1  29.0 308.9  38.1 7.81E-04 001.6 281.2  34.6 1.741700 0.856797 1.138182 hargrave 2016-12-16 17:49:01 
TT 675 308.0  28.5 309.9  37.5 7.06E-04 005.8 282.3  34.4 7.008696 1.341364 1.075297 hargrave 2016-12-22 11:56:03 
TT 680 307.3  28.7 309.2  37.7 6.86E-04 001.6 281.6  34.4 1.158175 1.192278 1.004614 hargrave 2016-12-22 21:15:17 
