GB8- 9a mag compass orientation (IGRF corrected)
 187.55 255.5  39.0  20.7   9.5   1.0
NRM    293.9  30.6 294.3  40.1 1.02E-02 003.1 137.5  03.4 31.70462 30.97235 32.44173 hargrave 2016-08-17 18:24:32 
NRM    294.0  30.7 294.5  40.2 1.02E-02 003.2 137.6  03.4 33.52963 33.04893 32.68280 hargrave 2016-08-17 21:16:26 
LN2    295.0  31.0 295.5  40.5 9.76E-03 002.1 138.5  03.3 7.136680 9.857456 34.32825 hargrave 2016-08-19 20:03:00 
TT 100 294.7  30.3 295.2  39.8 9.77E-03 001.7 137.9  02.8 12.43904 6.420797 26.83050 hargrave 2016-08-26 15:27:13 
TT 200 292.7  29.5 293.0  39.0 9.27E-03 000.7 136.1  02.9 5.496333 3.427569 9.523861 hargrave 2016-09-12 12:20:27 
TT 300 345.2  39.0 352.3  44.0 6.52E-03 044.7 179.7  00.0 2.776014 643.5953 42.07874 hargrave 2016-09-13 14:01:48 
TT 300 345.0  39.0 352.1  44.0 6.53E-03 044.5 179.6 -00.0 4.228595 641.8166 42.43819 hargrave 2016-09-14 09:26:24 
TT 300 294.5  30.2 295.0  39.7 8.88E-03 000.6 137.8  02.8 4.194289 4.001554 8.535362 hargrave 2016-09-14 12:27:41 
TT 350 290.9  28.3 291.0  37.8 8.56E-03 000.8 134.1  02.7 6.897294 4.815810 10.24203 hargrave 2016-09-26 16:43:29 
TT 400 292.0  29.0 292.2  38.5 7.99E-03 001.3 135.3  02.8 11.76966 12.30416 9.096443 hargrave 2016-10-03 18:56:17 
TT 425 292.3  29.1 292.5  38.6 7.73E-03 002.0 135.5  02.8 19.80387 16.55421 8.500121 hargrave 2016-10-20 13:46:55 
TT 450 291.8  28.8 291.9  38.3 7.76E-03 001.0 135.0  02.8 9.937243 6.911075 8.585646 hargrave 2016-10-28 11:05:37 
TT 475 292.9  29.3 293.2  38.7 7.32E-03 003.5 136.1  02.6 32.02144 30.87095 8.157656 hargrave 2016-11-03 11:48:14 
TT 500 293.4  29.5 293.7  39.0 7.16E-03 001.8 136.6  02.7 19.37096 11.91449 7.271883 hargrave 2016-11-07 12:01:56 
TT 525 285.7  33.4 285.1  42.9 3.03E-03 070.3 133.1  09.4 332.4228 273.5957 18.82021 hargrave 2016-11-08 19:40:48 
TT 550 296.5  31.1 297.3  40.6 6.61E-03 000.8 139.7  02.7 4.990298 5.291421 6.262418 hargrave 2016-11-09 14:59:43 
TT 560 292.3  29.1 292.5  38.6 6.24E-03 002.3 135.6  02.8 18.99260 16.25176 6.183218 hargrave 2016-11-13 21:13:15 
TT 570 296.3  31.1 297.0  40.6 5.67E-03 002.2 139.6  02.9 14.44441 15.92375 5.882721 hargrave 2016-11-14 21:25:14 
TT 575 294.6  30.4 295.1  39.8 5.45E-03 001.7 137.9  02.9 10.33290 10.67061 5.788896 hargrave 2016-11-16 13:44:19 
TT 580 292.8  29.4 293.1  38.9 5.38E-03 001.5 136.1  02.8 10.02926 8.905019 5.654299 hargrave 2016-11-21 14:13:20 
TT 595 295.5  31.0 296.2  40.5 4.23E-03 001.1 138.9  03.1 4.955456 5.121663 4.842175 hargrave 2016-11-23 13:20:47 
TT 610 296.5  32.3 297.2  41.7 2.09E-03 000.7 140.2  03.8 1.362036 0.793438 2.193043 hargrave 2016-11-30 16:52:58 
TT 625 296.3  32.9 297.1  42.3 1.85E-03 000.9 140.4  04.4 1.621713 1.886035 1.906059 hargrave 2016-12-09 14:28:43 
TT 640 295.5  32.1 296.1  41.6 1.68E-03 002.0 139.4  04.1 3.336201 4.043413 2.688071 hargrave 2016-12-13 18:17:29 
TT 655 291.8  30.8 291.9  40.3 1.53E-03 004.2 136.0  04.5 7.484810 8.072181 2.220745 hargrave 2016-12-15 15:58:55 
TT 665 296.7  32.3 297.5  41.8 1.46E-03 003.0 140.4  03.8 4.852686 5.609332 2.109227 hargrave 2016-12-16 17:53:33 
TT 675 296.6  32.6 297.4  42.0 1.16E-03 001.0 140.5  04.0 0.911185 0.932357 1.800489 hargrave 2016-12-22 11:59:51 
TT 680 295.3  33.0 295.9  42.5 1.17E-03 004.8 139.7  04.9 6.174558 7.355455 1.598428 hargrave 2016-12-22 21:18:53 
