Puf2- 3a mag compass orientation (IGRF corrected)
    5.2 235.1  62.0  69.1  11.0 1.0
NRM    303.6  21.5 300.4  30.3 9.93E-04 003.5 155.0 -36.4 2.985925 5.186359 0.917328 hargrave 2016-04-08 17:46:43
LN2    302.7  21.3 299.4  30.0 9.91E-04 001.2 153.9 -36.1 1.207964 1.526691 0.720406 hargrave 2016-04-11 18:09:01
TT 100 303.4  21.6 300.1  30.4 9.89E-04 002.4 154.8 -36.2 2.271499 3.438043 0.935340 hargrave 2016-04-18 10:39:01
TT 200 301.5  19.8 298.3  28.3 9.65E-04 001.3 151.8 -37.0 1.436934 1.507007 0.883175 hargrave 2016-04-18 17:52:24
TT 300 301.9  19.2 298.9  27.8 9.13E-04 001.8 151.9 -37.7 1.951581 1.935431 1.004555 hargrave 2016-04-19 13:39:35
TT 350 302.8  19.3 299.9  28.0 8.57E-04 001.9 153.0 -38.0 1.689118 2.221381 0.881149 hargrave 2016-04-25 13:27:32
TT 400 302.3  18.7 299.4  27.3 7.80E-04 001.7 152.1 -38.4 1.337999 1.734120 0.757997 hargrave 2016-04-26 10:24:54
TT 450 302.4  18.7 299.5  27.4 7.15E-04 001.9 152.3 -38.4 1.459693 1.859012 0.670820 hargrave 2016-04-26 17:53:31
TT 475 303.3  19.0 300.4  27.8 6.74E-04 002.0 153.4 -38.4 1.637011 1.566343 0.831793 hargrave 2016-05-02 14:46:12
TT 500 301.4  18.1 298.5  26.6 6.33E-04 002.5 150.8 -38.5 1.611329 2.226426 0.542212 hargrave 2016-05-02 21:08:29
TT 525 303.0  18.7 300.2  27.5 5.82E-04 001.6 152.9 -38.6 1.023504 1.203839 0.602402 hargrave 2016-05-03 20:03:52
TT 550 301.1  18.0 298.2  26.5 5.07E-04 001.1 150.3 -38.5 0.650741 0.699687 0.424396 hargrave 2016-05-12 15:43:58
TT 560 302.6  18.7 299.7  27.4 4.50E-04 001.8 152.5 -38.4 0.806254 1.164768 0.364599 hargrave 2016-05-16 13:22:17
TT 570 302.7  18.8 299.8  27.5 4.17E-04 002.7 152.5 -38.4 1.088173 1.652787 0.375150 hargrave 2016-05-16 19:24:37
TT 575 303.2  19.1 300.3  27.9 4.02E-04 001.8 153.3 -38.3 0.733599 0.989573 0.341099 hargrave 2016-05-17 15:40:17 
TT 580 303.5  19.1 300.6  27.9 3.88E-04 001.3 153.6 -38.4 0.412893 0.657327 0.418167 hargrave 2016-05-18 12:31:57
