Puf2- 6a mag compass orientation (IGRF corrected)
    4.8 283.1  60.0  69.1  11.0 1.0
NRM    303.8  19.1 300.9  27.9 1.24E-03 001.5 117.0 -07.2 2.610596 1.531088 1.271546 hargrave 2016-04-08 17:51:34
LN2    304.8  20.6 301.8  29.5 1.22E-03 002.0 118.8 -07.1 3.408976 2.004999 1.445987 hargrave 2016-04-11 18:13:51
TT 100 304.6  20.5 301.6  29.4 1.21E-03 001.6 118.6 -07.0 2.794930 1.443085 1.422766 hargrave 2016-04-18 10:43:55
TT 200 304.6  19.3 301.7  28.2 1.18E-03 001.8 117.6 -07.7 3.098261 1.659917 1.147117 hargrave 2016-04-18 17:56:28
TT 300 304.0  18.0 301.2  26.8 1.13E-03 004.0 116.2 -08.0 7.027651 3.454492 1.100282 hargrave 2016-04-19 13:43:33
TT 350 304.3  18.2 301.6  27.1 1.06E-03 000.9 116.6 -08.1 0.766129 0.713718 1.443872 hargrave 2016-04-25 13:33:12
TT 400 303.7  16.8 301.1  25.7 9.66E-04 001.6 115.1 -08.4 2.085400 1.300972 1.350370 hargrave 2016-04-26 10:29:45
TT 450 304.3  17.5 301.7  26.4 8.82E-04 001.2 116.0 -08.5 1.254964 0.720966 1.131601 hargrave 2016-04-26 17:58:22
TT 475 304.1  17.3 301.5  26.2 8.37E-04 000.8 115.7 -08.5 0.560834 0.646265 0.859697 hargrave 2016-05-02 14:51:55
TT 500 304.7  17.9 302.0  26.9 7.92E-04 001.3 116.5 -08.6 1.360047 0.877818 0.955539 hargrave 2016-05-02 21:14:09
TT 525 306.2  19.9 303.3  29.0 7.31E-04 001.5 118.9 -08.6 1.592005 0.881567 0.838451 hargrave 2016-05-03 20:09:37
TT 550 304.7  18.1 302.0  27.0 6.42E-04 001.1 116.7 -08.5 0.772202 0.557533 0.795361 hargrave 2016-05-12 15:48:49
TT 560 304.0  17.2 301.3  26.1 5.75E-04 001.8 115.6 -08.4 1.488316 0.815260 0.669441 hargrave 2016-05-16 13:27:57
TT 570 304.7  18.4 302.0  27.3 5.14E-04 001.5 116.9 -08.3 1.004082 0.616942 0.603833 hargrave 2016-05-16 19:30:16
TT 575 305.1  19.0 302.4  28.0 4.92E-04 002.1 117.7 -08.3 1.500569 0.817226 0.573258 hargrave 2016-05-17 15:45:59 
TT 580 304.0  17.5 301.3  26.3 4.75E-04 001.3 115.8 -08.3 0.868632 0.491670 0.498710 hargrave 2016-05-18 12:37:37
