Puf2- 5a sun compass orientation
    4.8 305.2  49.0  69.1  11.0 1.0
NRM    296.8  13.9 294.3  21.9 2.43E-03 002.5 095.2  15.4 9.739682 0.883983 4.461992 hargrave 2016-04-08 17:49:52
LN2    296.6  13.7 294.2  21.7 2.41E-03 002.3 095.0  15.4 8.470868 0.877540 4.289587 hargrave 2016-04-11 18:12:10
TT 100 297.1  13.7 294.7  21.7 2.42E-03 002.5 095.3  15.0 9.301316 0.959232 4.902073 hargrave 2016-04-18 10:42:31
TT 200 296.0  11.0 293.9  19.0 2.40E-03 002.1 092.4  14.2 7.250393 1.136282 4.567446 hargrave 2016-04-18 17:55:05
TT 300 296.6  11.3 294.5  19.3 2.29E-03 001.3 093.1  13.8 2.431171 1.312932 4.245103 hargrave 2016-04-19 13:42:10
TT 350 297.0  11.5 294.9  19.5 2.19E-03 003.0 093.5  13.6 10.52845 1.092023 4.710855 hargrave 2016-04-25 13:31:32
TT 400 297.3  11.4 295.2  19.5 1.96E-03 002.7 093.6  13.4 8.374548 0.780915 4.022293 hargrave 2016-04-26 10:28:04
TT 450 299.3  13.4 297.0  21.8 1.74E-03 003.9 096.5  13.2 11.21375 0.704913 3.781438 hargrave 2016-04-26 17:56:41
TT 475 297.0  10.7 295.0  18.7 1.63E-03 002.3 092.8  13.1 5.733131 0.775853 3.026673 hargrave 2016-05-02 14:50:12
TT 500 297.6  11.1 295.5  19.2 1.53E-03 001.4 093.5  13.0 1.872632 0.920930 3.059483 hargrave 2016-05-02 21:12:28
TT 525 297.5  11.1 295.5  19.2 1.36E-03 001.7 093.5  13.0 2.849395 0.694167 2.820553 hargrave 2016-05-03 20:07:05
TT 550 297.0  10.8 295.0  18.9 1.08E-03 002.0 092.9  13.3 3.082173 0.563826 2.249068 hargrave 2016-05-12 15:47:08
TT 560 296.5  10.4 294.5  18.3 8.86E-04 001.5 092.2  13.3 1.383269 0.530554 1.811655 hargrave 2016-05-16 13:26:16
TT 570 297.1  11.6 295.0  19.7 7.39E-04 002.1 093.6  13.7 2.309961 0.342246 1.462374 hargrave 2016-05-16 19:28:35
TT 575 297.0  11.4 294.9  19.5 6.95E-04 002.6 093.4  13.6 2.887446 0.325911 1.263441 hargrave 2016-05-17 15:44:17 
TT 580 297.2  11.9 295.1  19.9 6.57E-04 001.8 093.9  13.7 1.444675 0.449837 1.390408 hargrave 2016-05-18 12:35:56
