Puf2- 7a mag compass orientation (IGRF corrected)
    4.8 284.1  55.0  69.1  11.0 1.0
NRM    304.9  19.7 302.0  28.7 1.32E-03 002.1 118.0 -04.6 4.067492 2.573723 1.203854 hargrave 2016-04-08 17:53:17
LN2    304.9  19.8 302.0  28.7 1.31E-03 001.1 118.1 -04.6 1.817955 1.188393 1.227950 hargrave 2016-04-11 18:15:33
TT 100 305.0  19.2 302.2  28.2 1.31E-03 001.6 117.7 -05.0 2.953246 2.002325 1.315336 hargrave 2016-04-18 10:45:20
TT 200 304.3  17.7 301.7  26.6 1.30E-03 001.7 116.1 -05.5 3.503775 1.302816 1.191216 hargrave 2016-04-18 17:57:58
TT 300 305.8  18.8 303.1  27.9 1.24E-03 001.6 117.8 -05.8 3.172795 1.216142 1.201294 hargrave 2016-04-19 13:44:57
TT 350 305.0  17.4 302.4  26.4 1.17E-03 001.6 116.3 -06.2 2.767113 0.978110 1.616142 hargrave 2016-04-25 13:34:55
TT 400 304.8  16.8 302.3  25.8 1.06E-03 001.3 115.7 -06.4 2.013594 0.547106 1.271853 hargrave 2016-04-26 10:31:29
TT 450 304.9  16.9 302.4  25.9 9.61E-04 000.8 115.9 -06.4 0.770483 0.421874 1.179161 hargrave 2016-04-26 18:00:05
TT 475 305.7  17.8 303.1  26.8 9.15E-04 000.7 117.0 -06.4 0.677375 0.302991 1.017374 hargrave 2016-05-02 14:53:39
TT 500 303.8  15.5 301.4  24.3 8.65E-04 002.4 114.0 -06.5 3.306791 1.187646 0.913073 hargrave 2016-05-02 21:15:52
TT 525 305.0  16.9 302.5  25.9 8.00E-04 001.0 115.9 -06.5 1.120435 0.294783 0.869149 hargrave 2016-05-03 20:11:20
TT 550 305.4  17.3 302.9  26.3 7.10E-04 000.8 116.4 -06.6 0.691407 0.300472 0.791943 hargrave 2016-05-12 15:50:33
TT 560 305.1  17.0 302.6  26.0 6.47E-04 000.8 116.0 -06.5 0.579451 0.335617 0.715367 hargrave 2016-05-16 13:29:40
TT 570 304.1  16.0 301.7  24.9 5.86E-04 001.1 114.7 -06.4 0.916329 0.240680 0.648313 hargrave 2016-05-16 19:31:59
TT 575 305.3  17.5 302.7  26.5 5.61E-04 001.6 116.5 -06.3 1.361074 0.479703 0.638461 hargrave 2016-05-17 15:47:42 
TT 580 306.2  18.6 303.6  27.7 5.45E-04 001.7 118.0 -06.3 1.446731 0.514441 0.583336 hargrave 2016-05-18 12:39:25
