GB12- 3a sun compass orientation
 233.85  73.2   9.0  20.7   9.5   1.0
NRM    301.1  34.2 302.6  43.5 1.60E-03 001.9 313.1  40.6 3.414516 3.970397 1.584782 hargrave 2016-09-01 09:46:43 
LN2    300.1  33.9 301.4  43.2 1.56E-03 002.6 312.0  40.2 3.671919 5.674157 2.676268 hargrave 2016-09-04 17:17:38 
TT 100 298.3  33.7 299.3  43.1 1.56E-03 002.3 310.1  39.8 3.789353 4.786155 2.120016 hargrave 2016-09-08 13:27:39 
TT 200 299.2  32.6 300.3  42.0 1.55E-03 001.6 311.3  38.9 2.995838 2.535945 2.177838 hargrave 2016-09-12 15:00:01 
TT 300 343.4 -09.0 342.6 -03.1 7.21E-04 061.9 000.2  00.0 2.240376 94.47972 100.0915 hargrave 2016-09-13 15:01:43 
TT 300 298.5  32.6 299.6  41.9 1.48E-03 001.3 310.6  38.7 2.400663 2.518060 1.679526 hargrave 2016-09-14 13:23:43 
TT 350 300.1  32.6 301.4  42.0 1.42E-03 001.9 312.3  38.9 2.642200 3.661619 1.907404 hargrave 2016-09-26 17:43:45 
TT 400 300.5  32.4 301.8  41.7 1.33E-03 002.2 312.7  38.7 2.656444 3.718319 2.257578 hargrave 2016-10-06 20:53:04 
TT 425 300.3  32.1 301.6  41.5 1.31E-03 003.4 312.6  38.5 5.196859 5.731432 1.768167 hargrave 2016-10-24 10:41:06 
TT 450 299.0  31.9 300.1  41.3 1.28E-03 002.8 311.2  38.1 4.823218 3.684572 1.718404 hargrave 2016-10-28 12:14:12 
TT 475 300.7  31.8 302.0  41.2 1.22E-03 001.5 313.1  38.2 1.543014 2.367576 1.751874 hargrave 2016-11-03 12:45:43 
TT 500 300.1  31.7 301.4  41.1 1.18E-03 002.3 312.5  38.0 2.857738 3.380418 1.619116 hargrave 2016-11-08 13:11:38 
TT 525 298.4  31.6 299.4  41.0 1.14E-03 002.0 310.7  37.7 3.026993 2.044067 1.526162 hargrave 2016-11-08 20:38:07 
TT 550 300.9  30.6 302.2  39.9 1.08E-03 002.5 313.5  37.0 3.467048 3.007978 1.265349 hargrave 2016-11-09 15:55:52 
TT 560 302.1  30.5 303.5  39.8 1.03E-03 002.5 314.8  37.1 3.229497 3.039986 1.371966 hargrave 2016-11-13 22:11:15 
TT 570 301.2  30.2 302.5  39.5 9.79E-04 001.3 313.9  36.6 1.160315 1.397851 1.350087 hargrave 2016-11-15 09:31:51 
TT 575 302.1  30.3 303.5  39.6 9.59E-04 001.4 314.8  36.9 1.168405 1.619398 1.446236 hargrave 2016-11-16 14:37:48 
TT 580 301.7  30.1 303.0  39.4 9.24E-04 001.4 314.4  36.6 1.057564 1.373287 1.450878 hargrave 2016-11-21 15:10:59 
TT 595 301.5  29.9 302.8  39.2 7.37E-04 001.5 314.2  36.4 1.273188 1.111384 1.076680 hargrave 2016-11-23 14:15:39 
TT 610 302.8  29.5 304.2  38.7 4.97E-04 003.1 315.7  36.1 1.853906 1.784790 0.996013 hargrave 2016-11-30 11:39:51 
TT 625 297.8  30.2 298.6  39.6 3.52E-04 001.5 310.2  36.3 0.461158 0.721472 0.432948 hargrave 2016-12-09 15:23:42 
TT 640 302.4  31.5 303.9  40.8 2.48E-04 001.8 314.9  38.1 0.555600 0.459469 0.365486 hargrave 2016-12-13 19:12:33 
TT 655 302.1  31.4 303.6  40.7 1.97E-04 001.5 314.7  38.0 0.322176 0.320028 0.261071 hargrave 2016-12-16 08:19:06 
TT 655 299.9  32.3 301.1  41.6 1.70E-04 002.6 312.1  38.6 0.603454 0.393595 0.280580 hargrave 2016-12-17 17:21:19 
TT 675 304.5  32.5 306.3  41.7 1.21E-04 001.8 317.0  39.3 0.341938 0.152422 0.194065 hargrave 2016-12-22 12:41:30 
TT 680 303.0  32.1 304.6  41.4 9.35E-05 001.9 315.5  38.8 0.179575 0.199219 0.207282 hargrave 2016-12-23 10:09:27 
