GB12- 6a sun compass orientation
 233.75 124.6  17.0  20.7   9.5   1.0
NRM    299.3  33.8 300.5  43.1 1.65E-03 002.5 254.1  30.6 6.684415 2.436566 1.277096 hargrave 2016-09-01 09:51:37 
LN2    300.3  32.8 301.6  42.1 1.63E-03 001.4 255.4  30.0 3.376233 2.479160 1.410609 hargrave 2016-09-04 17:22:29 
TT 100 298.0  33.8 299.1  43.3 1.62E-03 001.7 252.9  30.3 3.740690 2.518325 1.839775 hargrave 2016-09-08 13:31:40 
TT 200 299.0  32.4 300.1  41.8 1.61E-03 001.9 254.4  29.2 4.436899 2.881457 1.254885 hargrave 2016-09-12 15:04:37 
TT 300 213.9  17.3 210.8  19.3 3.72E-04 075.5 179.3  00.4 2.247234 139.5501 79.42083 hargrave 2016-09-13 15:09:19 
TT 300 297.7  32.6 298.7  42.0 1.55E-03 002.3 253.1  29.0 5.342322 3.037338 1.463155 hargrave 2016-09-14 13:31:04 
TT 350 298.0  32.5 299.0  41.9 1.48E-03 001.9 253.4  29.1 4.373247 2.332890 1.605539 hargrave 2016-09-26 17:51:27 
TT 400 299.9  32.0 301.1  41.3 1.42E-03 005.4 255.3  29.1 12.46030 4.252108 2.245934 hargrave 2016-10-06 20:59:10 
TT 425 299.5  32.0 300.6  41.3 1.41E-03 004.6 255.0  29.0 10.62249 3.725681 1.629240 hargrave 2016-10-24 10:45:34 
TT 450 298.7  32.1 299.7  41.5 1.39E-03 001.8 254.2  28.8 3.463578 2.248047 1.695162 hargrave 2016-10-28 12:24:07 
TT 475 296.1  32.9 296.9  42.3 1.34E-03 002.0 251.6  28.9 3.687753 2.074283 1.946128 hargrave 2016-11-03 12:53:03 
TT 500 300.9  31.4 302.2  40.8 1.32E-03 004.1 256.5  28.9 9.035851 2.729711 1.837538 hargrave 2016-11-08 13:17:09 
TT 525 299.0  31.7 300.1  41.1 1.30E-03 004.2 254.6  28.6 9.218670 2.438181 1.310741 hargrave 2016-11-08 20:45:19 
TT 550 297.4  32.2 298.3  41.6 1.27E-03 002.0 253.0  28.6 3.690119 2.198041 1.463069 hargrave 2016-11-09 16:03:11 
TT 560 300.1  31.3 301.3  40.7 1.24E-03 003.0 255.8  28.5 6.090175 2.183740 1.436306 hargrave 2016-11-13 22:18:29 
TT 570 300.5  31.0 301.7  40.4 1.23E-03 001.0 256.3  28.3 1.567596 1.336679 1.055225 hargrave 2016-11-15 09:38:06 
TT 575 299.5  31.4 300.6  40.7 1.22E-03 001.2 255.2  28.4 1.886565 1.524288 1.263107 hargrave 2016-11-16 14:43:02 
TT 580 298.7  31.9 299.8  41.3 1.21E-03 002.0 254.3  28.7 3.495140 2.085613 1.469390 hargrave 2016-11-21 15:18:15 
TT 595 295.8  32.6 296.5  42.1 1.17E-03 001.5 251.4  28.6 2.489144 1.050669 1.610694 hargrave 2016-11-23 14:23:10 
TT 610 300.0  31.5 301.2  40.8 1.03E-03 002.8 255.6  28.6 4.476222 2.068568 1.395508 hargrave 2016-11-30 11:49:44 
TT 625 302.3  30.5 303.7  39.8 7.71E-04 001.7 258.1  28.4 2.024401 0.699862 0.857157 hargrave 2016-12-09 15:31:14 
TT 640 299.9  32.5 301.1  41.9 4.95E-04 004.6 255.1  29.6 3.711152 1.345695 0.814251 hargrave 2016-12-13 19:19:51 
TT 655 302.1  32.5 303.6  41.8 3.07E-04 001.5 257.1  30.2 0.556561 0.437623 0.461915 hargrave 2016-12-16 08:23:37 
TT 655 299.5  34.4 300.7  43.8 2.05E-04 002.8 254.0  31.2 0.852632 0.405806 0.409798 hargrave 2016-12-17 17:26:10 
TT 675 297.3  35.0 298.3  44.4 1.15E-04 002.0 251.8  31.2 0.310233 0.168710 0.228072 hargrave 2016-12-22 12:47:09 
TT 680 302.2  32.6 303.8  41.9 8.81E-05 001.1 257.2  30.3 0.103177 0.138079 0.089691 hargrave 2016-12-23 10:13:12 
