GB12- 2a sun compass orientation
  233.9  93.1   4.0  20.7   9.5   1.0
NRM    305.1  36.2 307.3  45.4 1.37E-03 002.3 299.4  38.3 4.833141 2.553642 1.451161 hargrave 2016-09-01 09:42:54 
LN2    303.4  35.5 305.3  44.8 1.35E-03 001.3 297.7  37.5 2.542700 2.099972 1.463859 hargrave 2016-09-04 17:13:45 
TT 100 302.6  35.5 304.3  44.7 1.34E-03 001.8 296.9  37.4 3.350104 2.600509 1.179766 hargrave 2016-09-08 13:24:19 
TT 200 302.8  34.5 304.5  43.8 1.33E-03 001.4 297.2  36.4 2.265791 2.420082 1.132804 hargrave 2016-09-12 14:58:28 
TT 300 003.0 -03.9 002.6 -01.0 4.51E-04 069.4 359.9  00.1 1.877059 97.29812 79.94078 hargrave 2016-09-13 15:00:05 
TT 300 302.2  34.0 303.8  43.3 1.26E-03 001.1 296.6  35.9 1.843116 1.917816 1.036482 hargrave 2016-09-14 13:22:10 
TT 350 304.9  34.1 306.9  43.3 1.22E-03 001.5 299.4  36.2 2.405480 2.452190 1.115273 hargrave 2016-09-26 17:42:08 
TT 400 303.8  33.8 305.6  43.0 1.15E-03 003.1 298.2  35.7 4.828641 3.575649 1.483084 hargrave 2016-10-06 20:51:14 
TT 425 303.7  33.9 305.5  43.1 1.13E-03 003.9 298.1  35.9 6.609325 3.712668 1.169188 hargrave 2016-10-24 10:39:33 
TT 450 302.8  33.5 304.4  42.7 1.10E-03 002.4 297.2  35.4 3.892445 2.338040 1.041970 hargrave 2016-10-28 12:12:18 
TT 475 304.4  33.5 306.3  42.7 1.06E-03 001.5 298.9  35.6 1.966963 1.460917 1.424780 hargrave 2016-11-03 12:44:06 
TT 500 306.0  33.4 308.1  42.5 1.02E-03 001.8 300.6  35.5 2.562807 1.737475 1.209108 hargrave 2016-11-08 13:10:03 
TT 525 301.8  33.2 303.3  42.5 9.90E-04 002.6 296.3  35.0 4.078456 2.031209 0.837656 hargrave 2016-11-08 20:36:33 
TT 550 304.8  32.5 306.7  41.6 9.40E-04 000.9 299.4  34.5 0.934733 1.204605 0.800083 hargrave 2016-11-09 15:53:27 
TT 560 305.2  32.2 307.1  41.4 8.93E-04 002.4 299.8  34.3 3.019542 2.199276 0.851747 hargrave 2016-11-13 22:09:41 
TT 570 301.0  32.2 302.4  41.5 8.53E-04 001.9 295.6  34.0 2.403908 1.594387 0.513842 hargrave 2016-11-15 09:30:11 
TT 575 304.9  32.0 306.7  41.1 8.40E-04 002.1 299.5  34.0 2.482535 1.661604 0.726771 hargrave 2016-11-16 14:36:14 
TT 580 306.3  31.9 308.3  41.0 8.14E-04 001.4 301.0  34.0 1.315952 1.269592 0.833879 hargrave 2016-11-21 15:09:21 
TT 595 304.7  31.7 306.5  40.9 6.73E-04 002.6 299.4  33.8 2.282462 1.868021 1.040128 hargrave 2016-11-23 14:14:01 
TT 610 307.3  31.6 309.4  40.7 4.91E-04 001.9 302.1  33.8 1.222723 0.960649 0.692371 hargrave 2016-11-30 11:37:48 
TT 625 298.7  32.9 299.8  42.3 3.54E-04 003.4 293.2  34.5 1.956839 0.741505 0.487274 hargrave 2016-12-09 15:22:00 
TT 640 306.4  33.6 308.5  42.7 2.26E-04 002.8 300.9  35.7 0.944921 0.474410 0.298386 hargrave 2016-12-13 19:11:00 
TT 655 308.4  34.0 310.8  43.0 1.70E-04 001.9 302.9  36.3 0.456503 0.281210 0.212053 hargrave 2016-12-16 08:17:32 
TT 655 305.2  34.7 307.3  43.9 1.45E-04 001.9 299.6  36.8 0.356501 0.240511 0.200071 hargrave 2016-12-17 17:18:07 
TT 675 307.0  35.2 309.4  44.3 1.03E-04 003.2 301.4  37.3 0.467836 0.299253 0.209165 hargrave 2016-12-22 12:40:07 
TT 680 307.8  34.2 310.2  43.3 8.17E-05 001.6 302.3  36.4 0.190086 0.158623 0.058455 hargrave 2016-12-23 10:06:11 
