AP4- 2a mag compass orientation (IGRF corrected)
   47.4 258.3  82.0  70.3  13.0 1.0
NRM    100.1 -56.5 079.8 -60.9 9.89E-03 002.5 329.0  05.0 18.84975 37.59205 6.693205 hargrave 2016-04-08 16:59:08
LN2    099.4 -57.5 078.2 -61.7 9.82E-03 001.8 329.8  04.3 13.62370 27.66982 7.008024 hargrave 2016-04-11 17:20:11
TT 100 099.9 -59.1 077.2 -63.3 1.01E-02 002.7 331.4  03.9 20.07809 42.00295 7.728838 hargrave 2016-04-18 09:57:55
TT 200 102.5 -65.3 072.4 -69.3 1.14E-02 003.1 337.5  02.5 22.78998 57.76383 8.851129 hargrave 2016-04-18 17:12:47
TT 300 105.3 -66.6 072.9 -71.0 8.28E-03 001.7 339.3  02.9 8.762908 22.74441 6.709592 hargrave 2016-04-19 13:00:45
TT 350 107.7 -64.1 079.4 -69.4 4.07E-03 001.5 337.6  05.0 5.101378 8.184896 5.620233 hargrave 2016-04-25 12:41:21
TT 400 112.9 -67.3 079.7 -73.3 2.99E-03 001.7 341.4  05.1 2.966891 7.932223 3.526425 hargrave 2016-04-26 09:36:40
TT 450 110.9 -66.0 079.9 -71.7 2.41E-03 001.2 339.9  05.2 2.170057 3.912889 3.013703 hargrave 2016-04-26 17:04:41
TT 475 111.5 -64.2 083.5 -70.3 1.91E-03 000.8 338.5  06.4 0.967716 1.835323 1.981188 hargrave 2016-05-02 13:59:39
TT 500 111.3 -64.3 083.2 -70.4 1.59E-03 002.1 338.5  06.2 1.979287 5.286000 1.685482 hargrave 2016-05-02 20:21:15
TT 525 110.9 -62.6 085.1 -68.8 1.23E-03 000.8 337.0  07.0 1.117417 1.016793 1.281467 hargrave 2016-05-03 19:13:56
TT 550 107.8 -63.2 080.9 -68.6 8.35E-04 000.9 336.8  05.5 0.652157 0.896395 0.870599 hargrave 2016-05-12 14:55:30
TT 560 110.4 -61.4 086.0 -67.6 7.81E-04 000.9 335.8  07.4 0.708648 0.686307 0.864773 hargrave 2016-05-16 12:33:46
TT 570 109.8 -64.8 080.7 -70.5 8.12E-04 002.1 338.6  05.4 1.016457 2.713407 0.871389 hargrave 2016-05-16 18:34:08
TT 575 109.2 -67.0 076.3 -72.2 8.22E-04 002.0 340.4  04.0 1.029877 2.573917 0.856956 hargrave 2016-05-17 14:53:51 
TT 580 115.2 -69.9 076.1 -75.9 8.21E-04 001.4 344.0  04.2 0.535364 1.871687 0.736585 hargrave 2016-05-18 11:45:42
