AP4- 8a mag compass orientation (IGRF corrected)
   48.4 285.3  96.0  70.3  13.0 1.0
NRM    122.1 -63.4 097.4 -71.9 3.89E-02 001.1 334.0  12.8 35.26728 59.57300 37.97268 hargrave 2016-04-08 17:10:12
LN2    122.7 -64.1 097.1 -72.7 3.63E-02 001.2 334.7  12.9 35.64714 57.85803 38.53037 hargrave 2016-04-11 17:31:07
TT 100 122.6 -63.4 098.0 -72.0 3.56E-02 000.9 334.0  13.0 17.41120 34.05310 42.02346 hargrave 2016-04-18 10:07:02
TT 200 123.1 -62.7 099.6 -71.4 3.51E-02 001.1 333.3  13.4 13.44336 44.96017 49.15488 hargrave 2016-04-18 17:22:33
TT 300 124.0 -63.7 099.5 -72.5 3.04E-02 001.4 334.4  13.6 13.06066 53.29021 54.23684 hargrave 2016-04-19 13:09:43
TT 350 125.0 -63.3 101.3 -72.3 1.97E-02 001.7 334.1  14.1 19.62753 45.96563 31.01235 hargrave 2016-04-25 12:52:18
TT 400 125.3 -63.6 101.3 -72.7 1.58E-02 001.8 334.5  14.2 16.58588 40.21439 25.85495 hargrave 2016-04-26 09:48:34
TT 450 125.2 -63.0 102.1 -72.1 1.24E-02 001.1 333.8  14.3 7.470882 10.31034 20.72340 hargrave 2016-04-26 17:17:17
TT 475 125.9 -63.6 102.0 -72.8 9.94E-03 001.5 334.6  14.4 4.916214 14.61409 21.11421 hargrave 2016-05-02 14:10:44
TT 500 126.3 -63.7 102.6 -72.9 8.48E-03 001.9 334.7  14.6 10.18478 23.31331 13.52494 hargrave 2016-05-02 20:33:02
TT 525 126.2 -63.3 103.1 -72.5 7.21E-03 001.1 334.2  14.7 3.898898 6.309941 11.79030 hargrave 2016-05-03 19:25:45
TT 550 126.7 -64.5 101.9 -73.7 5.16E-03 001.6 335.5  14.5 4.917744 11.12102 7.940651 hargrave 2016-05-12 15:08:11
TT 560 126.4 -64.6 101.3 -73.8 3.45E-03 001.1 335.6  14.4 2.467478 3.277774 5.473851 hargrave 2016-05-16 12:46:38
TT 570 126.1 -64.5 101.0 -73.7 2.75E-03 002.2 335.5  14.2 4.659580 8.509762 4.404487 hargrave 2016-05-16 18:45:53
TT 575 126.7 -66.2 098.8 -75.3 2.43E-03 001.1 337.2  14.0 1.533188 2.860688 3.744454 hargrave 2016-05-17 15:04:48 
TT 580 127.2 -67.0 098.0 -76.0 2.24E-03 001.2 338.0  14.0 1.121026 2.751411 3.876323 hargrave 2016-05-18 11:56:40
