AP4- 5a mag compass orientation (IGRF corrected)
  47.95 223.3  68.0  70.3  13.0 1.0
NRM    093.7 -56.1 073.6 -59.2 1.22E-02 002.6 339.1  05.0 17.72146 52.11469 9.713777 hargrave 2016-04-08 17:03:47
LN2    094.2 -57.6 072.9 -60.6 1.21E-02 000.6 340.2  04.0 4.393447 9.123447 9.482727 hargrave 2016-04-11 17:24:44
TT 100 095.8 -59.9 072.4 -63.0 1.24E-02 001.1 342.2  02.6 5.864363 21.14764 10.40286 hargrave 2016-04-18 10:01:36
TT 200 101.6 -66.7 069.3 -70.2 1.40E-02 001.3 348.0 -01.8 7.850838 29.09497 11.42963 hargrave 2016-04-18 17:17:13
TT 300 108.1 -68.2 072.9 -72.9 1.03E-02 000.8 350.9 -02.0 3.841348 10.97711 8.594595 hargrave 2016-04-19 13:04:23
TT 350 105.7 -62.9 079.1 -67.9 3.74E-03 001.0 347.8  02.4 2.885303 3.745609 5.146231 hargrave 2016-04-25 12:45:55
TT 400 104.9 -59.7 081.8 -64.9 2.20E-03 001.2 346.1  05.0 1.807087 3.687951 2.955160 hargrave 2016-04-26 09:41:16
TT 450 108.2 -56.6 088.4 -62.8 1.43E-03 001.0 346.3  08.6 1.239177 1.331458 1.885990 hargrave 2016-04-26 17:09:14
TT 475 111.4 -50.6 096.3 -57.9 9.93E-04 000.9 345.8  14.9 0.576307 1.170587 1.029969 hargrave 2016-05-02 14:04:12
TT 500 112.0 -50.1 097.2 -57.5 9.05E-04 001.3 346.0  15.5 0.666173 1.879478 0.896053 hargrave 2016-05-02 20:25:49
TT 525 112.2 -51.4 096.7 -58.8 8.63E-04 001.0 346.6  14.3 0.726905 1.065516 0.850632 hargrave 2016-05-03 19:18:32
TT 550 105.7 -52.9 088.5 -58.9 7.73E-04 001.1 343.5  11.3 0.702977 1.199674 0.750371 hargrave 2016-05-12 15:00:05
TT 560 105.0 -50.1 089.5 -56.0 6.94E-04 001.1 341.8  13.7 0.455182 1.142712 0.640412 hargrave 2016-05-16 12:39:20
TT 570 113.8 -56.6 094.7 -64.0 7.48E-04 000.8 349.3  09.7 0.442531 0.702675 0.753811 hargrave 2016-05-16 18:38:41
TT 575 103.4 -70.2 063.9 -73.4 8.50E-04 001.3 350.3 -04.6 0.753404 1.550171 1.027621 hargrave 2016-05-17 14:58:25 
TT 580 109.5 -69.1 072.2 -74.0 8.39E-04 001.0 351.7 -02.7 0.494887 1.095325 0.909060 hargrave 2016-05-18 11:50:16
