AP3- 1a mag compass orientation (IGRF corrected)
   36.4 137.3  79.0  70.3  13.0 1.0
NRM    110.0 -48.6 095.8 -55.7 1.30E-02 000.8 036.5  08.9 10.19261 10.47271 11.02108 hargrave 2016-04-08 16:42:46
LN2    108.3 -51.3 092.3 -57.9 1.29E-02 002.2 033.5  08.5 27.01801 40.84167 10.31701 hargrave 2016-04-11 17:01:15
TT 100 110.6 -50.7 095.3 -57.8 1.32E-02 001.7 034.8  07.6 21.73348 30.85101 11.15656 hargrave 2016-04-18 09:44:16
TT 200 113.2 -51.4 097.8 -59.0 1.41E-02 002.4 034.9  05.8 33.59075 46.08050 12.34394 hargrave 2016-04-18 16:57:23
TT 300 112.8 -53.1 096.3 -60.5 1.28E-02 002.3 033.3  05.2 27.10710 41.79812 10.87549 hargrave 2016-04-19 12:44:34
TT 350 115.3 -50.2 100.9 -58.3 1.11E-02 001.2 036.6  05.1 14.34634 15.12810 12.99050 hargrave 2016-04-25 12:23:25
TT 400 114.1 -52.3 098.3 -60.0 9.87E-03 000.9 034.4  04.9 9.339776 8.283029 11.08884 hargrave 2016-04-26 09:17:47
TT 450 112.4 -54.4 094.9 -61.6 8.53E-03 001.1 032.0  04.9 9.207976 11.18168 9.146487 hargrave 2016-04-26 16:48:26
TT 475 113.0 -53.8 096.0 -61.3 7.66E-03 002.0 032.7  04.8 13.08467 21.14424 8.784602 hargrave 2016-05-02 13:41:44
TT 500 113.9 -52.2 098.1 -59.9 6.93E-03 000.8 034.4  05.1 5.731228 4.838901 7.145648 hargrave 2016-05-02 20:04:03
TT 525 114.9 -51.2 099.9 -59.1 5.97E-03 000.7 035.5  04.9 4.424589 3.685800 6.043998 hargrave 2016-05-03 18:57:43
TT 550 112.1 -54.2 094.6 -61.4 4.55E-03 003.3 032.1  05.1 14.17172 21.87648 4.484953 hargrave 2016-05-12 14:39:05
TT 560 111.9 -53.7 094.8 -60.9 3.52E-03 002.2 032.5  05.5 7.528040 11.22091 3.505563 hargrave 2016-05-16 12:18:19
TT 570 113.2 -52.3 097.2 -59.9 2.91E-03 003.5 034.1  05.4 9.940368 14.49393 3.046345 hargrave 2016-05-16 18:18:41
TT 575 111.7 -53.9 094.4 -61.1 2.51E-03 003.2 032.3  05.5 7.578669 11.89550 2.579748 hargrave 2016-05-17 14:38:28 
TT 580 113.8 -51.0 098.8 -58.7 2.30E-03 000.9 035.4  05.6 1.912747 2.172848 2.470480 hargrave 2016-05-18 11:29:00
