AP3- 8a mag compass orientation (IGRF corrected)
     39 104.3  28.0  70.3  13.0 1.0
NRM    122.1 -49.6 109.3 -58.9 3.96E-03 001.5 073.5 -49.9 3.952391 7.814494 5.669676 hargrave 2016-04-08 16:56:12
LN2    122.0 -51.1 108.4 -60.4 3.91E-03 001.4 071.8 -51.0 5.529922 6.287466 4.845489 hargrave 2016-04-11 17:17:11
TT 100 122.3 -51.6 108.5 -60.9 3.91E-03 001.4 071.4 -51.5 2.598307 7.997934 5.265481 hargrave 2016-04-18 09:55:31
TT 200 122.2 -52.5 107.9 -61.7 3.99E-03 001.4 070.4 -52.0 5.074185 6.802696 5.467446 hargrave 2016-04-18 17:10:26
TT 300 124.8 -52.0 111.3 -61.7 3.85E-03 001.5 072.7 -52.9 5.683264 6.954401 3.981693 hargrave 2016-04-19 12:57:44
TT 350 123.2 -53.3 108.6 -62.7 3.76E-03 001.7 070.0 -53.1 7.417816 6.762074 5.257662 hargrave 2016-04-25 12:38:25
TT 400 123.3 -53.6 108.5 -63.0 3.62E-03 001.8 069.7 -53.2 8.000704 6.449500 5.368832 hargrave 2016-04-26 09:33:43
TT 450 124.1 -53.3 109.6 -62.9 3.46E-03 001.5 070.6 -53.4 5.616807 6.361087 4.321583 hargrave 2016-04-26 17:01:45
TT 475 122.7 -54.2 107.4 -63.4 3.33E-03 001.5 068.6 -53.4 4.658143 6.726909 3.970284 hargrave 2016-05-02 13:56:40
TT 500 123.5 -53.9 108.5 -63.3 3.22E-03 001.7 069.5 -53.5 4.789227 7.282311 4.381989 hargrave 2016-05-02 20:17:27
TT 525 123.2 -53.9 108.1 -63.3 3.04E-03 001.6 069.3 -53.4 5.584558 5.586717 3.766686 hargrave 2016-05-03 19:11:01
TT 550 123.0 -53.8 108.0 -63.1 2.75E-03 001.8 069.3 -53.3 6.473882 4.890021 3.684770 hargrave 2016-05-12 14:52:33
TT 560 122.2 -54.6 106.4 -63.7 2.48E-03 001.7 067.7 -53.4 3.708219 5.448225 3.618269 hargrave 2016-05-16 12:30:49
TT 570 122.6 -54.3 107.2 -63.5 2.04E-03 001.7 068.4 -53.4 2.769001 4.762058 3.093186 hargrave 2016-05-16 18:31:13
TT 575 121.6 -54.8 105.6 -63.8 1.79E-03 001.8 067.1 -53.3 2.513379 4.390993 2.725666 hargrave 2016-05-17 14:50:56 
TT 580 123.5 -53.0 109.1 -62.4 1.65E-03 001.6 070.6 -53.0 3.561722 2.580594 1.847790 hargrave 2016-05-18 11:42:41
