AP3- 5a mag compass orientation (IGRF corrected)
   38.9  75.3  63.0  70.3  13.0 1.0
NRM    119.2 -46.5 107.4 -55.4 3.34E-03 002.5 049.2 -49.0 10.51056 10.40801 1.954041 hargrave 2016-04-08 16:51:20
LN2    118.7 -47.2 106.4 -56.0 3.14E-03 002.1 048.2 -48.5 7.497502 8.618563 1.684407 hargrave 2016-04-11 17:11:35
TT 100 119.5 -47.6 107.2 -56.5 3.15E-03 003.1 047.4 -48.9 12.28810 11.56968 2.312359 hargrave 2016-04-18 09:51:35
TT 200 119.5 -47.9 107.1 -56.8 3.18E-03 001.4 047.0 -48.9 4.866704 5.685538 2.205959 hargrave 2016-04-18 17:05:51
TT 300 119.6 -47.5 107.4 -56.4 3.10E-03 002.0 047.6 -49.0 7.778170 6.964822 2.367771 hargrave 2016-04-19 12:52:59
TT 350 119.3 -49.0 106.2 -57.9 3.08E-03 001.8 045.3 -48.4 6.095233 7.526164 2.761184 hargrave 2016-04-25 12:33:39
TT 400 119.7 -48.9 106.8 -57.8 2.98E-03 001.9 045.4 -48.7 6.607029 7.194713 2.306766 hargrave 2016-04-26 09:28:56
TT 450 120.0 -49.6 106.8 -58.6 2.89E-03 002.8 044.3 -48.8 9.201630 10.49462 2.352003 hargrave 2016-04-26 16:56:59
TT 475 119.9 -50.0 106.5 -58.9 2.80E-03 002.2 043.8 -48.6 8.009364 7.133146 2.511335 hargrave 2016-05-02 13:51:04
TT 500 119.7 -49.0 106.9 -57.9 2.70E-03 002.4 045.3 -48.8 7.918538 7.880008 1.953043 hargrave 2016-05-02 20:12:36
TT 525 118.9 -49.2 105.7 -58.0 2.54E-03 002.3 045.2 -48.1 7.838684 6.222964 2.281959 hargrave 2016-05-03 19:06:14
TT 550 119.0 -49.3 105.8 -58.1 2.09E-03 002.0 045.0 -48.2 5.064924 5.264041 1.754064 hargrave 2016-05-12 14:47:41
TT 560 119.2 -50.1 105.5 -58.9 1.67E-03 001.6 043.9 -48.1 3.404878 3.399297 1.353896 hargrave 2016-05-16 12:26:03
TT 570 118.5 -50.2 104.7 -58.9 1.10E-03 002.7 043.8 -47.7 3.803669 3.350589 1.025381 hargrave 2016-05-16 18:26:28
TT 575 117.5 -49.2 104.1 -57.8 9.03E-04 002.1 045.4 -47.3 2.321266 2.481632 0.727677 hargrave 2016-05-17 14:46:10 
TT 580 115.8 -49.4 102.0 -57.6 8.32E-04 001.5 045.6 -46.2 1.773274 1.226248 0.700541 hargrave 2016-05-18 11:37:45
