GB3- 8a mag compass orientation (IGRF corrected)
  22.15  74.5  46.0  20.7   9.5   1.0
NRM    302.7  35.2 304.5  44.4 9.74E-04 001.3 270.9  57.0 1.380648 1.883800 0.551916 hargrave 2016-08-17 17:05:05 
NRM    302.6  35.0 304.3  44.3 9.75E-04 001.3 271.1  56.8 1.365943 2.033467 0.613822 hargrave 2016-08-17 19:53:57 
LN2    304.3  33.2 306.1  42.4 9.61E-04 002.2 275.2  57.1 3.208734 1.941404 0.670414 hargrave 2016-08-19 18:42:04 
TT 100 303.1  34.1 304.9  43.4 9.57E-04 001.3 272.9  56.8 1.343018 1.830692 0.561611 hargrave 2016-08-26 14:03:53 
TT 200 302.6  35.3 304.4  44.6 9.42E-04 002.6 270.6  57.0 3.919718 1.426918 0.929719 hargrave 2016-08-31 18:04:33 
TT 300 304.1  33.4 305.9  42.7 9.04E-04 002.5 274.7  57.1 3.664980 1.406220 0.811071 hargrave 2016-09-01 15:34:51 
TT 350 304.1  33.5 305.9  42.7 8.71E-04 001.7 274.6  57.2 2.165203 1.355542 0.719046 hargrave 2016-09-02 14:56:24 
TT 400 302.7  34.2 304.4  43.5 8.38E-04 001.8 272.4  56.5 2.105831 1.517694 0.705720 hargrave 2016-09-08 10:56:19 
TT 425 303.9  33.2 305.7  42.4 8.24E-04 002.2 275.0  56.8 2.526416 1.639258 0.940811 hargrave 2016-09-08 17:05:12 
TT 450 303.1  32.8 304.8  42.0 8.14E-04 001.7 275.1  56.1 1.824512 1.692167 0.743126 hargrave 2016-09-12 10:59:51 
TT 475 303.1  33.0 304.7  42.2 8.00E-04 001.6 274.7  56.2 1.631564 1.567438 0.856668 hargrave 2016-09-12 21:47:12 
TT 500 304.2  32.5 306.0  41.7 7.77E-04 001.6 276.3  56.7 1.340309 1.525560 0.743763 hargrave 2016-09-15 11:46:54 
TT 525 303.9  33.0 305.7  42.3 7.59E-04 001.6 275.2  56.8 1.559903 1.427736 0.904508 hargrave 2016-09-19 17:58:31 
TT 550 303.6  33.7 305.4  42.9 7.29E-04 001.8 274.0  56.9 1.682788 1.410753 0.592585 hargrave 2016-09-22 16:55:18 
TT 560 303.1  33.7 304.8  43.0 7.25E-04 001.6 273.5  56.5 1.553625 1.428139 0.562800 hargrave 2016-09-29 10:38:02 
TT 570 302.9  33.3 304.5  42.5 7.02E-04 001.4 274.1  56.2 0.984993 1.428859 0.733393 hargrave 2016-10-03 17:35:28 
TT 575 304.0  31.5 305.8  40.7 6.92E-04 002.4 277.7  56.1 2.387277 1.559180 0.732595 hargrave 2016-10-08 14:10:34 
TT 580 303.0  33.3 304.6  42.5 6.80E-04 001.8 274.1  56.2 1.695131 1.301304 0.805536 hargrave 2016-10-20 12:15:02 
TT 595 304.4  32.2 306.2  41.4 6.40E-04 002.0 276.9  56.7 1.568600 1.365143 1.094241 hargrave 2016-10-25 00:14:06 
TT 610 302.8  33.4 304.4  42.7 5.61E-04 001.4 273.7  56.2 0.896259 1.049893 0.442918 hargrave 2016-11-07 10:37:08 
TT 625 303.5  32.6 305.2  41.8 3.61E-04 001.7 275.6  56.3 0.820813 0.610301 0.388197 hargrave 2016-11-08 12:00:04 
TT 640 304.0  32.0 305.8  41.2 1.68E-04 001.6 277.0  56.3 0.321715 0.291593 0.230738 hargrave 2016-11-09 10:59:44 
TT 655 303.7  34.5 305.6  43.7 8.17E-05 003.1 272.8  57.4 0.408402 0.144049 0.104335 hargrave 2016-11-10 11:40:58 
TT 665 304.7  33.2 306.6  42.4 4.12E-05 003.1 275.5  57.4 0.203589 0.073696 0.068250 hargrave 2016-11-11 12:42:21 
TT 675 310.4  32.1 313.0  41.0 1.39E-05 002.3 282.4  60.9 0.044092 0.032975 0.012712 hargrave 2016-11-14 20:04:19 
TT 680 300.3  38.9 301.9  48.3 9.69E-06 002.1 263.2  56.9 0.025115 0.024909 0.011401 hargrave 2016-11-15 18:51:07 
