GB3- 3a mag compass orientation (IGRF corrected)
  21.35 295.5  15.0  20.7   9.5   1.0
NRM    294.2  33.9 294.7  43.3 9.03E-04 002.1 098.6  32.9 3.059156 0.907355 1.076555 hargrave 2016-08-17 16:49:17 
NRM    294.2  33.8 294.7  43.3 9.03E-04 002.1 098.6  32.8 3.029358 0.943897 1.105690 hargrave 2016-08-17 19:43:37 
LN2    293.9  33.3 294.4  42.8 8.86E-04 002.0 098.2  32.5 2.721801 0.979378 1.037863 hargrave 2016-08-19 18:31:49 
TT 100 294.4  33.2 294.9  42.7 8.80E-04 001.9 098.6  32.3 2.563376 0.747495 1.114962 hargrave 2016-08-26 13:53:30 
TT 200 294.7  32.4 295.3  41.9 8.67E-04 002.7 098.6  31.4 3.871221 0.834876 1.055976 hargrave 2016-08-31 17:54:15 
TT 300 294.3  32.1 294.8  41.6 8.36E-04 001.5 098.1  31.2 1.965487 0.833794 0.890235 hargrave 2016-09-01 15:23:39 
TT 350 293.3  31.8 293.7  41.2 8.02E-04 001.4 097.1  31.1 1.689673 0.675045 0.966634 hargrave 2016-09-02 14:45:59 
TT 400 292.5  32.2 292.7  41.7 7.66E-04 002.7 096.4  31.8 3.457613 0.570734 1.034356 hargrave 2016-09-08 10:46:07 
TT 425 295.8  33.0 296.6  42.5 7.50E-04 001.3 099.9  31.6 1.254021 0.546599 1.024879 hargrave 2016-09-08 16:55:54 
TT 450 294.4  32.7 294.9  42.2 7.39E-04 001.1 098.4  31.8 1.006747 0.468513 0.983966 hargrave 2016-09-12 10:49:18 
TT 475 297.3  33.7 298.3  43.1 7.22E-04 004.0 101.5  31.9 4.871335 1.150866 0.912564 hargrave 2016-09-12 21:36:16 
TT 500 295.6  32.8 296.3  42.3 7.07E-04 001.0 099.6  31.6 0.670230 0.596009 0.858920 hargrave 2016-09-15 11:33:05 
TT 525 294.2  32.6 294.7  42.1 6.79E-04 001.6 098.2  31.7 1.627817 0.566722 0.886972 hargrave 2016-09-19 17:47:07 
TT 550 293.1  32.1 293.4  41.6 6.34E-04 003.2 096.9  31.5 3.407322 0.671818 0.894974 hargrave 2016-09-22 16:45:23 
TT 560 293.9  32.4 294.3  41.9 6.20E-04 002.9 097.8  31.6 2.958731 0.589578 0.984775 hargrave 2016-09-29 10:25:29 
TT 570 293.8  32.9 294.3  42.4 5.90E-04 001.5 097.9  32.1 1.267245 0.599456 0.795857 hargrave 2016-10-03 17:25:51 
TT 575 294.5  33.1 295.0  42.6 5.73E-04 001.4 098.6  32.1 0.925995 0.589477 0.856472 hargrave 2016-10-08 14:00:23 
TT 580 296.6  33.6 297.4  43.0 5.48E-04 001.3 100.7  32.0 0.970717 0.572377 0.640763 hargrave 2016-10-20 12:02:40 
TT 595 295.2  33.0 295.8  42.4 4.96E-04 002.4 099.2  31.8 1.915091 0.664787 0.479656 hargrave 2016-10-25 00:03:45 
TT 610 294.9  33.1 295.5  42.6 4.61E-04 001.4 099.0  32.0 0.964997 0.428758 0.521629 hargrave 2016-11-07 10:26:02 
TT 625 294.8  33.1 295.3  42.5 3.79E-04 001.2 098.9  32.0 0.579563 0.364087 0.411062 hargrave 2016-11-08 11:48:47 
TT 640 296.3  33.5 297.1  43.0 3.01E-04 001.2 100.5  32.0 0.453581 0.297723 0.331494 hargrave 2016-11-09 10:48:15 
TT 655 294.2  32.6 294.7  42.1 1.94E-04 001.7 098.2  31.7 0.473215 0.263962 0.219447 hargrave 2016-11-10 11:31:32 
TT 665 294.8  33.2 295.3  42.6 1.16E-04 002.2 098.9  32.1 0.394021 0.161453 0.159687 hargrave 2016-11-11 12:29:08 
TT 675 295.8  33.0 296.5  42.4 3.35E-05 001.3 099.8  31.7 0.046087 0.053423 0.035128 hargrave 2016-11-14 19:52:11 
TT 680 297.4  34.4 298.3  43.8 3.29E-05 006.0 101.8  32.6 0.334134 0.079181 0.034727 hargrave 2016-11-15 18:39:51 
