GB3- 5a mag compass orientation (IGRF corrected)
   22.3 113.5  28.0  20.7   9.5   1.0
NRM    306.4  35.7 308.8  44.8 9.75E-04 001.3 261.8  36.9 1.335418 1.396066 1.267194 hargrave 2016-08-17 17:00:19 
NRM    306.9  35.5 309.3  44.5 9.75E-04 001.2 262.4  36.9 0.978417 1.470745 1.206885 hargrave 2016-08-17 19:49:12 
LN2    297.8  40.4 299.1  49.8 9.57E-04 004.5 251.5  36.8 7.101277 2.036780 1.668095 hargrave 2016-08-19 18:37:18 
TT 100 302.2  37.6 304.0  46.9 9.52E-04 001.9 257.0  36.5 2.851604 1.122957 1.159399 hargrave 2016-08-26 13:58:57 
TT 200 304.9  35.0 306.9  44.2 9.39E-04 001.2 261.0  35.6 0.874184 1.433449 1.288790 hargrave 2016-08-31 17:58:56 
TT 300 303.8  35.6 305.7  44.8 9.00E-04 001.2 259.7  35.6 1.140222 1.030786 1.212578 hargrave 2016-09-01 15:29:11 
TT 350 304.2  35.5 306.2  44.7 8.66E-04 001.3 260.1  35.7 1.327816 0.960306 1.103880 hargrave 2016-09-02 14:51:31 
TT 400 302.8  35.4 304.6  44.7 8.32E-04 001.2 259.1  35.0 1.214445 1.204711 0.823883 hargrave 2016-09-08 10:52:24 
TT 425 303.8  35.0 305.7  44.2 8.14E-04 001.3 260.2  35.1 1.319718 1.194318 0.825560 hargrave 2016-09-08 17:01:20 
TT 450 304.6  34.8 306.6  44.0 8.01E-04 001.4 260.9  35.3 1.648883 1.135507 0.721543 hargrave 2016-09-12 10:55:00 
TT 475 304.1  34.7 306.1  43.9 7.82E-04 002.1 260.6  35.0 2.515843 1.279763 0.680838 hargrave 2016-09-12 21:42:08 
TT 500 304.3  34.7 306.2  43.9 7.64E-04 001.2 260.7  35.1 1.132443 1.111096 0.745818 hargrave 2016-09-15 11:38:47 
TT 525 304.0  35.0 305.9  44.2 7.41E-04 001.5 260.3  35.2 1.509749 1.117901 0.953563 hargrave 2016-09-19 17:53:39 
TT 550 305.1  34.5 307.1  43.7 7.03E-04 001.5 261.6  35.3 1.409092 1.106737 0.743526 hargrave 2016-09-22 16:50:22 
TT 560 304.9  34.6 306.9  43.8 6.94E-04 002.0 261.3  35.3 2.172644 1.024914 0.855716 hargrave 2016-09-29 10:31:18 
TT 570 303.4  35.5 305.3  44.7 6.63E-04 001.2 259.5  35.4 0.794521 0.840346 0.798167 hargrave 2016-10-03 17:30:41 
TT 575 305.4  34.3 307.5  43.4 6.54E-04 002.2 262.0  35.3 2.176724 1.012075 0.819978 hargrave 2016-10-08 14:05:05 
TT 580 305.9  34.3 308.0  43.4 6.42E-04 001.1 262.4  35.5 0.692842 0.727552 0.783051 hargrave 2016-10-20 12:08:25 
TT 595 304.1  35.0 306.1  44.2 6.03E-04 001.6 260.5  35.2 1.249815 0.801567 0.877376 hargrave 2016-10-25 00:09:21 
TT 610 304.2  35.2 306.2  44.4 5.58E-04 001.5 260.3  35.5 1.275001 0.574450 0.616260 hargrave 2016-11-07 10:31:31 
TT 625 304.1  35.5 306.1  44.7 4.34E-04 001.5 260.1  35.6 0.878363 0.443444 0.518551 hargrave 2016-11-08 11:54:27 
TT 640 304.0  35.5 305.9  44.7 3.05E-04 001.1 260.0  35.6 0.359703 0.343324 0.375804 hargrave 2016-11-09 10:54:01 
TT 655 302.8  36.6 304.7  45.8 1.78E-04 001.2 258.3  36.0 0.253671 0.190510 0.217337 hargrave 2016-11-10 11:35:12 
TT 665 304.6  36.4 306.7  45.6 1.14E-04 001.3 259.8  36.6 0.180972 0.113825 0.147829 hargrave 2016-11-11 12:35:48 
TT 675 306.7  37.6 309.3  46.7 3.55E-05 001.2 260.7  38.6 0.059040 0.031104 0.043150 hargrave 2016-11-14 19:58:44 
TT 680 299.2  37.7 300.6  47.1 2.70E-05 001.7 254.5  35.3 0.058134 0.053356 0.032613 hargrave 2016-11-15 18:45:28 
