GB3- 1a mag compass orientation (IGRF corrected)
   21.6 113.5  32.0  20.7   9.5   1.0
NRM    303.6  37.2 305.6  46.4 6.93E-04 002.6 255.5  35.9 2.950578 0.980657 0.848987 hargrave 2016-08-17 16:46:04 
NRM    303.9  36.9 306.0  46.1 6.93E-04 002.3 256.0  35.9 2.506821 0.962937 0.861402 hargrave 2016-08-17 19:40:22 
LN2    306.7  34.3 308.9  43.4 6.72E-04 004.9 260.2  35.3 5.590093 1.266564 0.668459 hargrave 2016-08-19 18:28:35 
TT 100 303.7  35.7 305.7  44.9 6.68E-04 002.0 256.8  34.8 2.180511 0.773155 0.666753 hargrave 2016-08-26 13:49:21 
TT 200 304.7  34.0 306.6  43.1 6.60E-04 001.2 258.9  34.0 0.987339 0.928784 0.668643 hargrave 2016-08-31 17:50:21 
TT 300 301.8  35.7 303.4  45.0 6.34E-04 003.0 255.3  33.9 3.136911 0.774195 0.704258 hargrave 2016-09-01 15:20:35 
TT 350 302.0  35.5 303.7  44.8 6.10E-04 001.5 255.7  33.8 1.375515 0.642370 0.628194 hargrave 2016-09-02 14:42:55 
TT 400 300.6  35.8 302.0  45.1 5.83E-04 001.0 254.4  33.3 0.752867 0.831618 0.374093 hargrave 2016-09-08 10:43:37 
TT 425 301.6  35.1 303.3  44.4 5.72E-04 001.8 255.7  33.3 1.587034 0.861140 0.370071 hargrave 2016-09-08 16:53:27 
TT 450 303.1  34.1 304.8  43.4 5.62E-04 002.4 257.5  33.3 2.192087 0.905536 0.332738 hargrave 2016-09-12 10:45:59 
TT 475 304.4  33.2 306.2  42.4 5.50E-04 001.2 259.2  33.2 0.867026 0.794057 0.593377 hargrave 2016-09-12 21:32:46 
TT 500 304.0  33.5 305.8  42.7 5.39E-04 001.1 258.7  33.3 0.835437 0.728151 0.397168 hargrave 2016-09-15 11:29:56 
TT 525 303.2  34.1 304.9  43.4 5.13E-04 001.9 257.6  33.3 1.571777 0.759747 0.425769 hargrave 2016-09-19 17:43:12 
TT 550 302.7  34.7 304.4  44.0 4.63E-04 002.9 256.8  33.5 2.185163 0.791019 0.275589 hargrave 2016-09-22 16:42:15 
TT 560 301.6  35.3 303.2  44.6 4.46E-04 002.1 255.5  33.4 1.443644 0.827291 0.244687 hargrave 2016-09-29 10:21:20 
TT 570 303.1  34.4 304.9  43.6 4.20E-04 003.5 257.4  33.5 2.420154 0.715954 0.475019 hargrave 2016-10-03 17:22:32 
TT 575 303.7  33.5 305.5  42.7 4.07E-04 001.8 258.5  33.1 1.097441 0.560272 0.389307 hargrave 2016-10-08 13:56:30 
TT 580 303.5  33.7 305.2  43.0 3.86E-04 001.6 258.1  33.2 0.954316 0.487876 0.374120 hargrave 2016-10-20 11:58:29 
TT 595 302.4  34.7 304.1  43.9 3.45E-04 004.3 256.6  33.3 2.496618 0.669544 0.420279 hargrave 2016-10-25 00:00:42 
TT 610 302.6  34.3 304.3  43.6 3.07E-04 003.1 257.0  33.2 1.595972 0.468919 0.249816 hargrave 2016-11-07 10:21:54 
TT 625 303.5  33.8 305.2  43.0 2.58E-04 001.6 258.1  33.2 0.633879 0.306851 0.266616 hargrave 2016-11-08 11:45:33 
TT 640 304.1  33.2 305.9  42.4 2.00E-04 001.0 259.0  33.1 0.225660 0.232635 0.238190 hargrave 2016-11-09 10:44:06 
TT 655 304.7  33.4 306.6  42.6 1.09E-04 001.3 259.4  33.5 0.204354 0.116531 0.109386 hargrave 2016-11-10 11:27:32 
TT 665 303.1  34.5 304.8  43.7 6.57E-05 002.0 257.3  33.5 0.204957 0.096014 0.079850 hargrave 2016-11-11 12:25:05 
TT 675 300.0  37.1 301.5  46.4 1.26E-05 001.9 253.0  34.0 0.034175 0.026248 0.013238 hargrave 2016-11-14 19:48:57 
TT 680 300.2  34.8 301.6  44.1 1.27E-05 002.5 254.9  32.3 0.048712 0.029336 0.016667 hargrave 2016-11-15 18:36:38 
