GB2- 5a mag compass orientation (IGRF corrected)
   15.7 190.5  61.0  20.7   9.5   1.0
NRM    300.4  39.5 302.1  48.9 5.55E-04 003.7 196.1 -19.0 1.466956 2.079323 2.593786 hargrave 2016-08-17 16:39:16 
NRM    298.5  40.0 299.9  49.4 5.56E-04 003.0 194.5 -19.0 1.026250 0.828529 2.624655 hargrave 2016-08-17 19:31:53 
LN2    296.8  40.7 298.0  50.1 5.40E-04 003.3 193.0 -18.7 0.757375 1.537992 2.659778 hargrave 2016-08-19 18:21:49 
TT 100 299.3  39.0 300.8  48.3 5.28E-04 002.8 195.5 -19.8 0.536253 0.941111 2.368548 hargrave 2016-08-26 13:42:34 
TT 200 297.3  38.7 298.4  48.2 5.17E-04 002.8 193.9 -20.5 0.608126 1.114832 2.241805 hargrave 2016-08-31 17:44:26 
TT 300 297.4  38.7 298.5  48.1 4.87E-04 002.8 194.0 -20.5 0.585856 0.983424 2.157939 hargrave 2016-09-01 15:14:38 
TT 350 298.5  38.4 299.8  47.8 4.57E-04 002.7 195.0 -20.5 0.627070 0.586340 1.982994 hargrave 2016-09-02 14:36:58 
TT 400 299.0  38.6 300.4  47.9 4.32E-04 000.9 195.3 -20.3 0.420340 0.400625 0.484471 hargrave 2016-09-08 10:38:54 
TT 425 297.8  38.8 299.0  48.3 4.20E-04 001.1 194.3 -20.3 0.330214 0.593398 0.504446 hargrave 2016-09-08 16:48:46 
TT 450 299.3  38.5 300.8  47.8 4.11E-04 001.0 195.6 -20.3 0.310087 0.480099 0.496855 hargrave 2016-09-12 10:39:02 
TT 475 298.5  38.7 299.8  48.1 3.98E-04 001.6 194.9 -20.3 0.516928 0.751806 0.695741 hargrave 2016-09-12 21:25:42 
TT 500 300.1  38.3 301.7  47.7 3.87E-04 002.4 196.3 -20.2 0.460031 1.501861 0.511237 hargrave 2016-09-15 11:23:56 
TT 525 298.0  38.7 299.3  48.1 3.64E-04 002.1 194.5 -20.4 0.300992 1.138534 0.606953 hargrave 2016-09-19 17:36:26 
TT 550 299.2  38.4 300.6  47.8 3.35E-04 003.2 195.5 -20.4 0.570843 1.715695 0.443579 hargrave 2016-09-22 16:36:01 
TT 560 298.8  38.4 300.2  47.8 3.22E-04 003.5 195.2 -20.4 0.604837 1.843804 0.426329 hargrave 2016-09-29 10:13:17 
TT 570 299.9  38.0 301.4  47.4 3.09E-04 003.1 196.2 -20.6 0.384271 1.544029 0.480481 hargrave 2016-10-03 17:15:44 
TT 575 299.6  38.0 301.1  47.4 3.03E-04 001.8 196.0 -20.7 0.279999 0.782242 0.478307 hargrave 2016-10-08 13:50:16 
TT 580 299.9  38.3 301.4  47.6 2.97E-04 002.1 196.1 -20.3 0.322827 0.951728 0.448188 hargrave 2016-10-20 11:51:30 
TT 595 299.9  38.1 301.4  47.5 2.78E-04 003.9 196.2 -20.5 0.442456 1.776778 0.450615 hargrave 2016-10-24 23:54:48 
TT 610 297.6  39.0 298.8  48.4 2.62E-04 003.3 194.1 -20.2 0.430453 1.439190 0.308843 hargrave 2016-11-07 10:15:10 
TT 625 300.8  38.0 302.4  47.3 2.21E-04 002.4 196.9 -20.4 0.217444 0.815289 0.375736 hargrave 2016-11-08 11:38:49 
TT 640 297.5  38.9 298.6  48.3 1.92E-04 002.1 194.0 -20.3 0.163464 0.593054 0.376974 hargrave 2016-11-09 10:37:09 
TT 655 298.1  38.6 299.4  48.0 1.08E-04 001.2 194.6 -20.4 0.106956 0.173968 0.132724 hargrave 2016-11-10 11:20:05 
TT 665 300.5  39.0 302.2  48.3 6.82E-05 001.4 196.4 -19.5 0.046303 0.110677 0.116831 hargrave 2016-11-11 12:18:14 
TT 675 302.7  40.2 304.9  49.5 1.53E-05 001.9 197.7 -17.8 0.026958 0.043861 0.026045 hargrave 2016-11-14 19:42:11 
TT 680 299.3  46.3 301.3  55.7 6.76E-06 003.0 193.2 -12.8 0.013981 0.031003 0.013428 hargrave 2016-11-15 18:29:50 
