GB2- 4a mag compass orientation (IGRF corrected)
  15.25 198.5  59.0  20.7   9.5   1.0
NRM    293.9  42.6 294.5  52.1 5.59E-04 002.3 184.1 -16.2 0.619697 0.761781 2.015114 hargrave 2016-08-17 16:37:41 
NRM    293.6  42.7 294.2  52.1 5.59E-04 002.3 183.9 -16.2 0.602142 0.860676 2.008440 hargrave 2016-08-17 19:30:18 
LN2    290.5  42.2 290.4  51.7 5.42E-04 002.3 181.5 -16.8 0.624212 0.724624 2.007704 hargrave 2016-08-19 18:20:13 
TT 100 293.8  41.1 294.4  50.6 5.33E-04 002.1 184.2 -17.7 0.379171 0.651075 1.802866 hargrave 2016-08-26 13:40:59 
TT 200 293.8  40.3 294.4  49.8 5.21E-04 002.5 184.3 -18.5 0.487278 1.478873 1.711908 hargrave 2016-08-31 17:42:52 
TT 300 293.7  40.1 294.3  49.6 4.94E-04 003.1 184.2 -18.7 0.438522 2.114928 1.604445 hargrave 2016-09-01 15:13:04 
TT 350 294.4  40.1 295.1  49.6 4.67E-04 002.6 184.8 -18.7 0.425487 1.481512 1.518388 hargrave 2016-09-02 14:35:24 
TT 400 294.5  40.1 295.2  49.6 4.41E-04 002.6 184.9 -18.7 0.419301 1.882804 0.618614 hargrave 2016-09-08 10:37:37 
TT 425 294.1  40.1 294.7  49.5 4.31E-04 001.4 184.5 -18.8 0.356963 0.814747 0.590439 hargrave 2016-09-08 16:47:30 
TT 450 294.7  40.1 295.5  49.6 4.21E-04 001.7 185.0 -18.6 0.355977 1.118090 0.518476 hargrave 2016-09-12 10:37:26 
TT 475 297.3  39.8 298.4  49.3 4.10E-04 001.2 187.1 -18.7 0.345474 0.732330 0.428725 hargrave 2016-09-12 21:23:59 
TT 500 296.8  39.9 297.8  49.4 3.97E-04 001.6 186.7 -18.7 0.317241 0.952466 0.539388 hargrave 2016-09-15 11:22:18 
TT 525 294.5  40.1 295.2  49.6 3.70E-04 002.7 184.8 -18.6 0.310097 1.655475 0.419222 hargrave 2016-09-19 17:34:53 
TT 550 294.5  39.9 295.2  49.4 3.33E-04 003.2 184.9 -18.9 0.371050 1.757633 0.498538 hargrave 2016-09-22 16:34:23 
TT 560 290.5  40.0 290.5  49.5 3.21E-04 001.7 181.6 -19.0 0.295363 0.836841 0.463084 hargrave 2016-09-29 10:11:38 
TT 570 292.3  40.0 292.5  49.5 2.99E-04 004.6 183.0 -19.0 0.255990 2.359155 0.330774 hargrave 2016-10-03 17:14:08 
TT 575 297.9  39.7 299.2  49.1 2.90E-04 002.1 187.7 -18.8 0.284399 0.934530 0.453567 hargrave 2016-10-08 13:48:41 
TT 580 295.9  40.0 296.9  49.5 2.81E-04 002.4 186.0 -18.6 0.231636 1.147485 0.284622 hargrave 2016-10-20 11:49:51 
TT 595 297.5  39.9 298.7  49.3 2.54E-04 004.1 187.3 -18.6 0.288359 1.803759 0.259017 hargrave 2016-10-24 23:53:14 
TT 610 293.1  40.5 293.6  50.0 2.33E-04 003.0 183.7 -18.4 0.213287 1.181428 0.223504 hargrave 2016-11-07 10:13:35 
TT 625 294.9  40.2 295.7  49.6 1.87E-04 003.4 185.2 -18.6 0.149135 1.085452 0.177090 hargrave 2016-11-08 11:37:14 
TT 640 295.3  40.7 296.2  50.2 1.57E-04 001.3 185.4 -18.0 0.182185 0.301755 0.169591 hargrave 2016-11-09 10:35:31 
TT 655 293.8  40.2 294.3  49.7 9.17E-05 001.4 184.2 -18.7 0.078927 0.197567 0.094010 hargrave 2016-11-10 11:18:27 
TT 665 294.3  39.9 294.9  49.3 4.74E-05 002.3 184.7 -18.9 0.034589 0.188177 0.045639 hargrave 2016-11-11 12:16:39 
TT 675 302.6  38.3 304.6  47.6 1.07E-05 001.7 191.7 -19.4 0.016120 0.029492 0.010618 hargrave 2016-11-14 19:40:31 
TT 680 295.0  44.3 295.9  53.7 7.90E-06 003.0 184.8 -14.5 0.014192 0.040395 0.008056 hargrave 2016-11-15 18:28:15 
