GB2- 2a mag compass orientation (IGRF corrected)
  14.65 145.5  44.0  20.7   9.5   1.0
NRM    300.1  35.8 301.5  45.1 6.16E-04 001.5 228.1  10.3 0.345801 0.668162 1.509801 hargrave 2016-08-17 16:32:14 
NRM    299.7  36.0 301.1  45.4 6.16E-04 001.5 227.7  10.3 0.418955 0.568477 1.507047 hargrave 2016-08-17 19:24:52 
LN2    301.0  35.8 302.6  45.2 5.97E-04 001.7 228.7  10.8 0.955820 0.680784 1.413030 hargrave 2016-08-19 18:14:48 
TT 100 299.1  36.5 300.5  45.8 5.94E-04 001.3 227.1  10.3 0.504158 0.517158 1.229195 hargrave 2016-08-26 13:35:28 
TT 200 300.8  35.2 302.2  44.5 5.81E-04 001.5 229.0  10.2 0.710547 0.532193 1.225366 hargrave 2016-08-31 17:37:27 
TT 300 301.3  34.9 302.9  44.2 5.59E-04 001.7 229.5  10.2 0.938780 0.719029 1.150450 hargrave 2016-09-01 15:07:36 
TT 350 299.8  36.2 301.2  45.5 5.38E-04 001.7 227.7  10.5 0.981586 0.762806 1.091556 hargrave 2016-09-02 14:29:56 
TT 400 299.6  36.0 301.0  45.4 5.18E-04 001.3 227.7  10.2 0.742072 0.634822 0.678268 hargrave 2016-09-08 10:33:41 
TT 425 297.6  37.4 298.7  46.8 5.11E-04 000.9 225.6  10.3 0.462613 0.223779 0.676952 hargrave 2016-09-08 16:43:27 
TT 450 299.9  35.9 301.3  45.3 5.02E-04 001.5 227.9  10.3 0.722324 0.974684 0.608104 hargrave 2016-09-12 10:31:52 
TT 475 297.9  37.2 299.1  46.6 4.92E-04 000.8 225.9  10.3 0.458278 0.365700 0.523607 hargrave 2016-09-12 21:18:17 
TT 500 299.4  36.4 300.7  45.8 4.77E-04 000.8 227.3  10.4 0.291402 0.340822 0.538907 hargrave 2016-09-15 11:16:31 
TT 525 298.8  36.7 300.0  46.1 4.49E-04 004.0 226.7  10.3 2.219391 2.132991 0.512971 hargrave 2016-09-19 17:28:17 
TT 550 299.4  36.6 300.7  45.9 4.10E-04 003.4 227.2  10.5 1.680058 1.678805 0.580638 hargrave 2016-09-22 16:29:33 
TT 560 297.1  38.1 298.1  47.5 3.94E-04 001.1 224.8  10.6 0.416075 0.486273 0.568288 hargrave 2016-09-29 10:06:06 
TT 570 299.9  35.8 301.3  45.1 3.57E-04 002.1 228.0  10.2 0.914345 0.919734 0.412225 hargrave 2016-10-03 17:09:21 
TT 575 307.8  30.3 309.8  39.3 3.37E-04 009.1 236.7  10.4 4.534183 2.875534 0.570455 hargrave 2016-10-08 13:43:52 
TT 580 300.2  35.8 301.6  45.2 3.26E-04 001.8 228.1  10.4 0.641529 0.730241 0.376217 hargrave 2016-10-20 11:44:11 
TT 595 300.2  35.6 301.6  44.9 2.95E-04 003.1 228.3  10.2 1.177323 1.054165 0.345006 hargrave 2016-10-24 23:47:41 
TT 610 300.1  35.9 301.5  45.3 2.57E-04 003.4 228.0  10.4 1.072002 1.034015 0.332722 hargrave 2016-11-07 10:08:09 
TT 625 299.7  36.0 301.0  45.4 2.06E-04 002.3 227.7  10.3 0.535875 0.625250 0.220681 hargrave 2016-11-08 11:31:42 
TT 640 299.6  35.9 301.0  45.2 1.64E-04 002.1 227.8  10.1 0.469788 0.360567 0.175858 hargrave 2016-11-09 10:29:44 
TT 655 299.6  36.3 300.9  45.7 1.21E-04 001.1 227.4  10.5 0.185045 0.071154 0.139464 hargrave 2016-11-10 11:14:51 
TT 665 300.7  35.2 302.2  44.5 7.01E-05 000.9 228.9  10.2 0.098432 0.061091 0.070664 hargrave 2016-11-11 12:11:05 
TT 675 299.9  35.3 301.3  44.7 4.53E-05 002.3 228.4  09.9 0.114081 0.140032 0.040694 hargrave 2016-11-14 19:35:48 
TT 680 296.5  37.0 297.4  46.4 3.84E-05 001.0 225.1  09.4 0.049000 0.037244 0.040013 hargrave 2016-11-15 18:23:31 
