GB2- 1a mag compass orientation (IGRF corrected)
  14.55 142.5  45.0  20.7   9.5   1.0
NRM    298.2  37.3 299.5  46.7 6.93E-04 001.8 227.7  11.4 1.151847 0.840511 1.616371 hargrave 2016-08-17 16:30:34 
NRM    298.6  37.0 299.8  46.4 6.93E-04 001.6 228.1  11.3 0.811431 0.638105 1.644866 hargrave 2016-08-17 19:23:12 
LN2    300.3  36.1 301.8  45.4 6.65E-04 001.7 229.8  11.6 1.081038 0.664308 1.557453 hargrave 2016-08-19 18:13:09 
TT 100 299.0  36.5 300.3  45.9 6.65E-04 001.6 228.7  11.2 1.113193 0.696112 1.315379 hargrave 2016-08-26 13:33:47 
TT 200 300.4  35.3 301.8  44.6 6.52E-04 001.7 230.4  11.0 1.233972 0.878802 1.235863 hargrave 2016-08-31 17:35:51 
TT 300 299.5  36.1 300.8  45.4 6.27E-04 001.8 229.3  11.1 1.266567 0.967553 1.233888 hargrave 2016-09-01 15:06:01 
TT 350 298.3  37.0 299.6  46.4 6.05E-04 001.7 228.0  11.2 0.976297 1.078673 1.105186 hargrave 2016-09-02 14:28:20 
TT 400 298.6  36.5 299.9  45.9 5.83E-04 001.3 228.5  11.0 0.794229 0.652732 0.860306 hargrave 2016-09-08 10:32:24 
TT 425 298.5  36.7 299.7  46.1 5.75E-04 002.1 228.3  11.1 1.543547 1.356570 0.741455 hargrave 2016-09-08 16:42:10 
TT 450 299.3  36.2 300.7  45.6 5.65E-04 001.4 229.1  11.1 0.780113 0.981515 0.749416 hargrave 2016-09-12 10:30:12 
TT 475 299.1  36.3 300.4  45.7 5.54E-04 001.5 228.9  11.1 1.038782 0.844845 0.622211 hargrave 2016-09-12 21:16:34 
TT 500 301.0  35.0 302.5  44.3 5.36E-04 001.2 231.0  11.1 0.637557 0.739138 0.664012 hargrave 2016-09-15 11:14:54 
TT 525 299.2  36.1 300.5  45.5 5.06E-04 001.5 229.1  11.0 0.977820 0.845119 0.598884 hargrave 2016-09-19 17:26:42 
TT 550 299.7  36.0 301.1  45.4 4.62E-04 002.8 229.5  11.2 1.576916 1.444955 0.659370 hargrave 2016-09-22 16:27:54 
TT 560 298.5  36.7 299.7  46.1 4.44E-04 001.2 228.3  11.0 0.499566 0.701203 0.626671 hargrave 2016-09-29 10:04:26 
TT 570 298.6  36.7 299.9  46.1 4.07E-04 001.9 228.4  11.1 0.896547 0.909336 0.507057 hargrave 2016-10-03 17:07:41 
TT 575 300.7  34.9 302.1  44.2 3.90E-04 001.9 230.8  10.9 0.876761 0.780676 0.559528 hargrave 2016-10-08 13:42:16 
TT 580 300.8  35.1 302.3  44.5 3.74E-04 001.0 230.7  11.1 0.271145 0.448683 0.428308 hargrave 2016-10-20 11:42:28 
TT 595 302.1  33.9 303.7  43.2 3.43E-04 000.9 232.4  10.9 0.322702 0.364292 0.414859 hargrave 2016-10-24 23:46:06 
TT 610 298.1  36.9 299.3  46.3 3.00E-04 002.9 227.9  11.0 1.034718 1.003133 0.411191 hargrave 2016-11-07 10:06:30 
TT 625 300.4  35.1 301.9  44.4 2.52E-04 000.8 230.6  10.9 0.207343 0.192661 0.279737 hargrave 2016-11-08 11:30:02 
TT 640 298.2  36.7 299.4  46.1 2.06E-04 001.0 228.1  10.9 0.187000 0.260154 0.235153 hargrave 2016-11-09 10:28:02 
TT 655 299.5  36.2 300.8  45.6 1.71E-04 002.2 229.2  11.2 0.518317 0.322938 0.230845 hargrave 2016-11-10 11:13:12 
TT 665 301.7  34.7 303.3  44.0 1.11E-04 000.9 231.7  11.3 0.132879 0.106417 0.129396 hargrave 2016-11-11 12:09:25 
TT 675 299.4  35.7 300.7  45.0 8.27E-05 001.6 229.5  10.8 0.151402 0.167167 0.095038 hargrave 2016-11-14 19:34:09 
TT 680 298.3  36.1 299.5  45.5 6.95E-05 001.9 228.6  10.5 0.161923 0.160704 0.077834 hargrave 2016-11-15 18:21:53 
