GB2- 3a mag compass orientation (IGRF corrected)
   15.1 210.5  50.0  20.7   9.5   1.0
NRM    302.1  37.7 303.9  47.0 6.86E-04 001.6 181.3 -12.2 0.620839 0.741853 1.794495 hargrave 2016-08-17 16:36:03 
NRM    302.2  37.7 304.0  47.0 6.86E-04 001.7 181.3 -12.3 0.595185 0.722104 1.867441 hargrave 2016-08-17 19:28:40 
LN2    301.1  37.4 302.7  46.7 6.68E-04 001.9 180.5 -12.6 0.606513 0.990906 1.907494 hargrave 2016-08-19 18:18:36 
TT 100 300.1  36.9 301.6  46.2 6.63E-04 002.2 179.7 -13.1 0.537752 1.614170 2.001086 hargrave 2016-08-26 13:39:21 
TT 200 307.8  35.8 310.4  44.9 6.50E-04 002.3 186.1 -13.9 0.773255 1.561806 1.978963 hargrave 2016-08-31 17:41:15 
TT 300 300.7  36.0 302.3  45.3 6.23E-04 002.2 180.2 -14.0 0.605178 1.468985 1.814630 hargrave 2016-09-01 15:11:26 
TT 350 302.9  36.0 304.7  45.3 5.94E-04 002.2 182.0 -13.9 0.574692 1.482622 1.759543 hargrave 2016-09-02 14:33:46 
TT 400 299.9  35.7 301.3  45.0 5.65E-04 001.3 179.5 -14.3 0.557299 0.357389 1.168157 hargrave 2016-09-08 10:36:16 
TT 425 298.6  35.7 299.8  45.1 5.55E-04 001.9 178.4 -14.3 0.431997 1.492249 1.075264 hargrave 2016-09-08 16:46:07 
TT 450 301.2  35.8 302.8  45.1 5.45E-04 001.6 180.6 -14.2 0.456935 0.995413 1.087867 hargrave 2016-09-12 10:35:48 
TT 475 303.1  35.7 304.9  45.0 5.31E-04 003.8 182.2 -14.2 0.299999 3.378193 0.824285 hargrave 2016-09-12 21:22:15 
TT 500 303.6  35.8 305.6  45.0 5.18E-04 002.1 182.6 -14.1 0.477915 1.644189 0.965657 hargrave 2016-09-15 11:20:40 
TT 525 301.6  35.8 303.2  45.1 4.90E-04 003.4 180.9 -14.2 0.331052 2.808993 0.680026 hargrave 2016-09-19 17:33:15 
TT 550 302.8  35.8 304.6  45.1 4.51E-04 003.4 181.9 -14.2 0.534171 2.467685 0.872432 hargrave 2016-09-22 16:32:41 
TT 560 298.6  35.9 299.8  45.3 4.37E-04 001.4 178.4 -14.1 0.479850 0.390193 0.931748 hargrave 2016-09-29 10:10:00 
TT 570 302.7  35.8 304.5  45.1 4.04E-04 002.9 181.9 -14.2 0.225057 1.940142 0.576799 hargrave 2016-10-03 17:12:30 
TT 575 302.5  35.9 304.3  45.2 3.91E-04 002.5 181.7 -14.1 0.417747 1.429028 0.875441 hargrave 2016-10-08 13:47:03 
TT 580 304.2  35.9 306.2  45.1 3.77E-04 001.7 183.1 -14.0 0.245472 0.923735 0.544617 hargrave 2016-10-20 11:48:11 
TT 595 304.6  35.7 306.7  44.9 3.40E-04 004.0 183.4 -14.2 0.243889 2.297672 0.446188 hargrave 2016-10-24 23:51:37 
TT 610 300.4  36.2 301.9  45.5 3.06E-04 003.4 179.9 -13.8 0.261757 1.746794 0.566167 hargrave 2016-11-07 10:11:58 
TT 625 301.6  35.8 303.3  45.1 2.38E-04 003.6 181.0 -14.2 0.132931 1.451781 0.335599 hargrave 2016-11-08 11:35:36 
TT 640 302.5  35.8 304.3  45.1 1.91E-04 003.6 181.7 -14.2 0.099773 1.164428 0.239594 hargrave 2016-11-09 10:33:51 
TT 655 300.7  36.0 302.2  45.3 1.19E-04 001.5 180.2 -14.0 0.061565 0.277131 0.144117 hargrave 2016-11-10 11:16:47 
TT 665 301.6  36.9 303.3  46.2 5.30E-05 002.9 180.9 -13.1 0.043839 0.260064 0.066746 hargrave 2016-11-11 12:15:01 
TT 675 308.0  37.7 310.7  46.7 1.84E-05 001.8 186.0 -12.0 0.034001 0.051010 0.024711 hargrave 2016-11-14 19:38:54 
TT 680 307.4  41.3 310.5  50.3 1.18E-05 002.2 185.3 -08.5 0.018757 0.041580 0.014960 hargrave 2016-11-15 18:26:38 
