GB2- 6a mag compass orientation (IGRF corrected)
  15.65 181.5  66.0  20.7   9.5   1.0
NRM    299.4  41.0 301.0  50.3 6.51E-04 001.1 202.1 -20.1 0.715008 0.743076 0.850072 hargrave 2016-08-17 16:40:55 
NRM    298.0  41.3 299.3  50.7 6.51E-04 001.6 200.9 -20.3 0.651701 1.438906 1.034558 hargrave 2016-08-17 19:33:31 
LN2    299.0  40.9 300.6  50.2 6.33E-04 001.4 201.9 -20.3 0.728043 1.024981 0.968907 hargrave 2016-08-19 18:23:27 
TT 100 301.6  38.7 303.4  48.0 6.28E-04 001.0 204.8 -21.3 0.620368 0.689819 0.799184 hargrave 2016-08-26 13:44:13 
TT 200 302.4  37.5 304.3  46.8 6.15E-04 001.1 206.1 -21.9 0.620012 0.879366 0.697470 hargrave 2016-08-31 17:45:56 
TT 300 300.5  38.3 302.2  47.7 5.77E-04 002.3 204.2 -22.0 1.018112 2.035679 0.641057 hargrave 2016-09-01 15:16:08 
TT 350 302.0  37.8 303.8  47.1 5.36E-04 001.4 205.6 -21.8 0.711309 1.027606 0.601465 hargrave 2016-09-02 14:38:29 
TT 400 299.7  38.5 301.2  47.9 5.05E-04 002.1 203.5 -22.1 0.641155 0.675615 1.621985 hargrave 2016-09-08 10:40:06 
TT 425 300.7  38.1 302.4  47.5 4.92E-04 002.4 204.5 -22.1 1.131815 0.872654 1.504789 hargrave 2016-09-08 16:49:57 
TT 450 300.7  38.3 302.3  47.7 4.79E-04 002.3 204.3 -21.9 1.019304 0.903276 1.359031 hargrave 2016-09-12 10:40:40 
TT 475 301.4  38.0 303.1  47.3 4.64E-04 002.7 205.0 -22.0 0.579567 1.847199 1.074036 hargrave 2016-09-12 21:27:22 
TT 500 303.4  37.0 305.4  46.2 4.48E-04 002.1 207.1 -22.0 0.858272 0.771860 1.195449 hargrave 2016-09-15 11:25:26 
TT 525 300.9  38.1 302.6  47.4 4.18E-04 002.4 204.6 -22.0 0.868396 1.110852 1.018014 hargrave 2016-09-19 17:37:56 
TT 550 301.6  37.9 303.3  47.2 3.77E-04 004.9 205.2 -21.9 1.693918 2.473180 1.219138 hargrave 2016-09-22 16:37:36 
TT 560 299.7  38.8 301.2  48.1 3.54E-04 003.8 203.4 -21.9 1.203399 1.712162 1.099938 hargrave 2016-09-29 10:15:48 
TT 570 302.4  37.4 304.2  46.7 3.41E-04 002.1 206.1 -22.1 0.610330 0.771721 0.783504 hargrave 2016-10-03 17:17:22 
TT 575 302.6  37.1 304.5  46.4 3.32E-04 002.2 206.4 -22.2 0.601004 0.498065 1.031399 hargrave 2016-10-08 13:51:47 
TT 580 302.5  37.6 304.4  46.8 3.23E-04 003.3 206.1 -21.9 0.950386 1.405685 0.778101 hargrave 2016-10-20 11:53:12 
TT 595 305.5  35.6 307.7  44.8 3.03E-04 001.5 209.4 -22.2 0.376369 0.412789 0.577828 hargrave 2016-10-24 23:56:18 
TT 610 302.8  37.5 304.8  46.8 2.79E-04 003.1 206.4 -21.8 0.870322 1.032740 0.721200 hargrave 2016-11-07 10:16:48 
TT 625 302.4  37.5 304.2  46.7 2.53E-04 002.1 206.1 -22.0 0.485167 0.622132 0.525861 hargrave 2016-11-08 11:40:27 
TT 640 302.9  37.3 304.8  46.6 2.30E-04 001.4 206.5 -21.9 0.299352 0.279379 0.426376 hargrave 2016-11-09 10:38:51 
TT 655 297.0  39.8 298.1  49.3 1.34E-04 003.2 200.9 -21.9 0.142143 0.621476 0.395435 hargrave 2016-11-10 11:21:38 
TT 665 303.2  37.6 305.3  46.9 9.89E-05 002.3 206.6 -21.5 0.201199 0.288134 0.203799 hargrave 2016-11-11 12:19:53 
TT 675 303.6  39.1 305.9  48.3 2.37E-05 001.9 206.1 -20.1 0.034898 0.060862 0.046654 hargrave 2016-11-14 19:43:49 
TT 680 307.1  41.1 310.0  50.2 9.10E-06 003.6 207.3 -17.0 0.025926 0.050238 0.014547 hargrave 2016-11-15 18:31:28 
