GB6- 3a sun compass orientation
   82.4 184.5  49.0  20.7   9.5   1.0
NRM    316.7  42.3 321.4  50.6 9.62E-03 002.5 209.8  01.6 11.92612 22.60267 33.50170 hargrave 2016-08-17 17:39:19 
NRM    316.3  42.4 321.0  50.8 9.63E-03 002.3 209.5  01.6 9.292477 18.80499 33.55588 hargrave 2016-08-17 20:26:29 
LN2    310.1  44.7 314.1  53.5 9.48E-03 002.9 204.4  01.4 15.54232 28.68149 34.69488 hargrave 2016-08-19 19:15:30 
TT 100 315.6  42.2 320.1  50.7 9.45E-03 001.8 209.1  01.1 7.431281 7.885388 27.77761 hargrave 2016-08-26 14:38:19 
TT 200 316.0  41.5 320.6  49.9 8.54E-03 003.4 209.8  00.6 22.70567 39.52155 22.61520 hargrave 2016-08-31 18:40:32 
TT 300 315.9  41.8 320.4  50.2 7.31E-03 001.7 209.5  00.9 4.492948 5.445663 21.19290 hargrave 2016-09-01 16:09:23 
TT 350 313.3  42.9 317.6  51.6 6.91E-03 002.0 207.3  00.9 8.292537 12.86200 19.56134 hargrave 2016-09-02 15:30:09 
TT 400 313.7  42.7 318.0  51.3 6.35E-03 001.3 207.7  00.8 5.338554 9.298473 10.43272 hargrave 2016-09-08 11:24:11 
TT 425 312.2  43.1 316.3  51.8 6.15E-03 001.3 206.5  00.7 5.019785 7.692533 10.15536 hargrave 2016-09-08 17:33:40 
TT 450 315.3  41.9 319.7  50.4 5.86E-03 003.7 209.1  00.7 17.05951 33.21174 8.295166 hargrave 2016-09-12 11:33:13 
TT 475 314.0  42.2 318.4  50.8 5.54E-03 000.7 208.1  00.6 3.670130 2.961013 6.446191 hargrave 2016-09-12 22:20:57 
TT 500 316.2  41.7 320.8  50.1 5.17E-03 001.0 209.8  00.9 2.248974 3.338202 8.629773 hargrave 2016-09-15 12:14:27 
TT 525 313.0  42.9 317.2  51.6 4.72E-03 002.3 207.1  00.8 8.579304 16.32752 6.010708 hargrave 2016-09-19 18:34:41 
TT 550 314.5  42.5 318.9  51.1 4.14E-03 004.3 208.3  01.0 14.53830 26.79111 6.392294 hargrave 2016-09-22 17:30:16 
TT 560 313.1  43.0 317.4  51.6 3.83E-03 001.5 207.2  00.9 5.014320 7.063593 5.822350 hargrave 2016-09-29 11:17:06 
TT 570 314.2  42.3 318.5  50.8 3.45E-03 002.8 208.2  00.7 8.142634 14.58737 4.481639 hargrave 2016-10-03 18:08:27 
TT 575 316.7  41.2 321.3  49.6 3.22E-03 001.2 210.4  00.6 2.730631 5.279464 4.551245 hargrave 2016-10-08 15:08:48 
TT 575 314.3  42.4 318.6  50.9 3.22E-03 001.9 208.2  00.8 5.462930 8.319124 4.171081 hargrave 2016-10-10 17:00:08 
TT 580 316.2  41.7 320.8  50.1 2.99E-03 001.2 209.8  00.9 2.867500 4.369074 3.684083 hargrave 2016-10-20 12:52:15 
TT 595 315.2  42.0 319.6  50.5 2.46E-03 001.1 209.0  00.8 2.031944 3.808142 2.932391 hargrave 2016-10-25 00:48:47 
TT 610 314.5  42.5 318.9  51.1 1.83E-03 003.3 208.3  01.0 4.995540 9.051805 2.291772 hargrave 2016-11-07 11:11:35 
TT 625 314.0  43.2 318.5  51.7 1.23E-03 003.6 207.7  01.4 3.624413 6.851005 1.442992 hargrave 2016-11-08 12:34:43 
TT 640 312.9  43.8 317.3  52.5 9.97E-04 002.0 206.6  01.6 1.640470 2.884252 1.267008 hargrave 2016-11-09 11:36:32 
TT 655 311.2  44.4 315.3  53.1 8.50E-04 001.6 205.3  01.5 0.978936 1.773641 1.377780 hargrave 2016-11-10 12:16:22 
TT 665 313.8  44.0 318.4  52.6 5.71E-04 001.4 207.1  02.0 0.608488 1.135115 0.699380 hargrave 2016-11-11 13:15:20 
TT 675 314.6  44.1 319.4  52.7 3.82E-04 002.6 207.6  02.4 0.817907 1.487957 0.451298 hargrave 2016-11-14 20:37:14 
TT 680 314.3  44.1 318.9  52.7 3.54E-04 004.7 207.3  02.3 1.323829 2.593727 0.436236 hargrave 2016-11-15 19:23:50 
