GB6- 8a sun compass orientation
  82.25 346.6  19.0  20.7   9.5   1.0
NRM    309.8  41.4 313.3  50.3 2.22E-02 002.9 070.8  50.5 100.6783 29.66149 37.42195 hargrave 2016-08-17 17:46:50 
NRM    309.6  41.3 313.0  50.2 2.22E-02 002.7 070.5  50.5 92.95650 29.72810 36.48114 hargrave 2016-08-17 20:35:55 
LN2    309.6  41.1 313.0  50.0 2.14E-02 003.7 070.4  50.3 131.1575 29.25604 37.11288 hargrave 2016-08-19 19:24:40 
TT 100 312.2  41.4 316.1  50.2 2.14E-02 002.5 073.3  49.8 77.16390 37.02449 42.60003 hargrave 2016-08-26 14:47:43 
TT 200 312.2  41.6 316.2  50.3 2.02E-02 003.8 073.5  49.9 125.8127 20.91910 36.21326 hargrave 2016-08-31 18:49:08 
TT 300 311.5  41.2 315.3  49.9 1.77E-02 002.0 072.5  49.8 48.69328 27.39585 28.01879 hargrave 2016-09-01 16:18:04 
TT 350 310.9  41.0 314.6  49.8 1.71E-02 002.7 071.7  49.8 73.21125 21.09515 28.13837 hargrave 2016-09-02 15:41:24 
TT 400 308.7  41.1 312.0  50.1 1.65E-02 001.8 069.4  50.6 43.87055 19.59776 23.29165 hargrave 2016-09-08 11:33:24 
TT 425 307.6  40.6 310.6  49.7 1.62E-02 001.8 067.8  50.5 41.87562 19.80648 21.81525 hargrave 2016-09-09 09:26:23 
TT 450 310.1  41.5 313.6  50.4 1.58E-02 001.4 071.1  50.5 23.32985 21.99843 22.79491 hargrave 2016-09-12 11:41:41 
TT 475 310.9  42.0 314.7  50.8 1.55E-02 002.7 072.3  50.7 67.66144 18.74013 24.29602 hargrave 2016-09-12 22:29:29 
TT 500 310.8  41.6 314.5  50.5 1.52E-02 001.4 072.0  50.4 24.02113 21.38855 19.50655 hargrave 2016-09-15 12:20:40 
TT 525 309.9  41.5 313.5  50.4 1.47E-02 001.5 071.0  50.5 20.72212 26.11142 22.83894 hargrave 2016-09-19 18:43:29 
TT 550 310.8  41.6 314.5  50.4 1.41E-02 002.1 072.0  50.4 34.38865 31.16252 21.18216 hargrave 2016-09-22 17:40:05 
TT 560 310.2  41.5 313.8  50.4 1.38E-02 001.5 071.3  50.5 22.28062 19.54032 23.31097 hargrave 2016-09-29 11:27:02 
TT 570 310.9  41.8 314.7  50.6 1.30E-02 001.8 072.2  50.5 23.30333 27.96183 20.30777 hargrave 2016-10-03 18:16:50 
TT 575 310.6  41.3 314.3  50.1 1.26E-02 001.7 071.6  50.1 26.53149 24.59404 14.27958 hargrave 2016-10-08 15:20:56 
TT 575 309.9  41.0 313.4  49.9 1.26E-02 001.6 070.7  50.1 22.76957 24.18827 14.52271 hargrave 2016-10-10 17:11:12 
TT 580 311.2  41.9 315.0  50.7 1.20E-02 001.6 072.6  50.5 22.50126 22.40698 13.45312 hargrave 2016-10-20 13:04:34 
TT 595 313.9  43.1 318.3  51.7 1.04E-02 003.6 076.2  50.8 61.83740 14.81829 15.06648 hargrave 2016-10-25 00:59:05 
TT 610 311.0  42.4 314.8  51.2 8.55E-03 002.0 072.7  51.0 24.30413 11.87604 11.32906 hargrave 2016-11-07 11:20:58 
TT 625 309.4  43.0 313.1  51.9 3.10E-03 001.6 071.4  52.0 6.205588 5.354604 3.619919 hargrave 2016-11-08 12:42:13 
TT 640 307.7  43.7 311.1  52.7 2.73E-03 002.1 070.0  53.2 9.079669 3.896497 3.222960 hargrave 2016-11-09 11:44:17 
TT 655 308.7  43.1 312.3  52.0 2.51E-03 001.9 070.7  52.4 7.207638 3.708235 2.718335 hargrave 2016-11-10 12:28:27 
TT 665 309.7  43.8 313.5  52.6 2.32E-03 001.9 072.3  52.7 6.476740 3.506957 2.891946 hargrave 2016-11-11 13:23:38 
TT 675 310.3  44.1 314.3  53.0 2.15E-03 001.6 073.2  52.8 4.098469 3.831234 2.047558 hargrave 2016-11-14 20:44:46 
TT 680 309.9  45.0 314.0  53.8 1.56E-03 001.9 073.4  53.7 4.449697 2.653100 1.742056 hargrave 2016-11-15 19:34:23 
