GB6- 2a sun compass orientation
  81.85 273.1   8.0  20.7   9.5   1.0
NRM    313.1  41.6 317.1  50.3 9.39E-03 003.2 134.8  36.2 23.69634 41.55221 23.04592 hargrave 2016-08-17 17:37:40 
NRM    312.4  41.7 316.3  50.4 9.38E-03 003.6 134.1  36.3 30.62386 45.91120 21.94689 hargrave 2016-08-17 20:24:50 
LN2    314.0  41.6 318.2  50.2 9.24E-03 003.7 135.6  36.1 48.77032 27.33974 21.46000 hargrave 2016-08-19 19:13:51 
TT 100 315.0  41.1 319.3  49.6 9.19E-03 002.1 136.5  35.5 14.45423 22.20045 21.64294 hargrave 2016-08-26 14:34:49 
TT 200 314.9  40.4 319.1  48.9 8.29E-03 002.3 136.3  34.8 24.79869 13.32480 19.00372 hargrave 2016-08-31 18:38:06 
TT 300 312.9  40.2 316.7  48.9 7.08E-03 001.9 134.4  34.9 10.30861 14.98091 16.21026 hargrave 2016-09-01 16:06:56 
TT 350 313.9  40.3 317.9  48.9 6.71E-03 002.7 135.3  34.8 15.19583 24.31338 15.82761 hargrave 2016-09-02 15:28:33 
TT 400 313.7  40.6 317.7  49.3 6.16E-03 002.2 135.2  35.2 16.30782 15.56781 6.632556 hargrave 2016-09-08 11:22:53 
TT 425 311.7  40.4 315.4  49.2 5.97E-03 001.2 133.3  35.2 7.463581 7.134151 7.095409 hargrave 2016-09-08 17:32:23 
TT 450 314.0  40.8 318.0  49.4 5.70E-03 002.0 135.4  35.3 14.10086 12.83308 6.559891 hargrave 2016-09-12 11:31:34 
TT 475 319.4  41.4 324.4  49.5 5.39E-03 002.6 140.5  35.4 17.30066 16.93069 6.499726 hargrave 2016-09-12 22:19:16 
TT 500 319.0  41.2 324.0  49.4 5.02E-03 001.2 140.2  35.2 5.950136 5.859826 6.231840 hargrave 2016-09-15 12:13:10 
TT 525 316.2  40.7 320.6  49.1 4.60E-03 001.9 137.5  35.0 9.450037 11.10278 5.158645 hargrave 2016-09-19 18:33:06 
TT 550 315.4  40.7 319.7  49.2 4.08E-03 003.4 136.7  35.1 16.86946 16.84965 5.058541 hargrave 2016-09-22 17:28:36 
TT 560 312.9  40.5 316.8  49.2 3.76E-03 001.8 134.4  35.1 7.274304 7.876712 5.723343 hargrave 2016-09-29 11:15:26 
TT 570 314.1  40.8 318.2  49.4 3.37E-03 002.0 135.6  35.3 7.138936 8.878024 4.187067 hargrave 2016-10-03 18:06:47 
TT 575 318.5  41.3 323.4  49.5 3.15E-03 001.5 139.7  35.4 5.701905 5.245473 3.893667 hargrave 2016-10-08 15:07:15 
TT 575 315.5  41.0 319.8  49.5 3.16E-03 002.3 136.9  35.4 7.715739 9.310513 3.698682 hargrave 2016-10-10 16:58:39 
TT 580 316.8  41.4 321.5  49.8 2.93E-03 001.4 138.2  35.7 4.603156 4.562268 3.439842 hargrave 2016-10-20 12:49:42 
TT 595 320.2  41.5 325.3  49.6 2.39E-03 001.4 141.2  35.4 3.944825 4.414665 2.087829 hargrave 2016-10-25 00:47:11 
TT 610 315.2  41.4 319.5  49.9 1.75E-03 003.5 136.6  35.8 7.234948 7.774336 1.693608 hargrave 2016-11-07 11:09:56 
TT 625 314.9  41.5 319.2  50.0 1.17E-03 002.7 136.4  35.9 3.650595 4.152518 1.234871 hargrave 2016-11-08 12:32:12 
TT 640 316.2  42.1 320.9  50.6 9.27E-04 003.1 137.7  36.4 2.905822 4.013957 1.200728 hargrave 2016-11-09 11:33:59 
TT 655 313.7  41.7 317.8  50.3 8.05E-04 001.4 135.3  36.3 1.325753 1.262565 0.828790 hargrave 2016-11-10 12:13:53 
TT 665 311.8  43.1 315.9  51.9 5.03E-04 003.7 133.8  37.8 2.218656 2.399083 0.466810 hargrave 2016-11-11 13:12:51 
TT 675 312.4  42.9 316.6  51.6 3.59E-04 003.8 134.4  37.6 1.682244 1.672217 0.362194 hargrave 2016-11-14 20:34:45 
TT 680 312.5  43.0 316.7  51.7 3.49E-04 001.3 134.4  37.6 0.498309 0.543475 0.417916 hargrave 2016-11-15 19:21:16 
