GB6- 9a sun compass orientation
   82.2 300.9  12.0  20.7   9.5   1.0
NRM    317.0  42.2 321.8  50.6 2.25E-02 002.7 115.6  37.9 67.72210 36.51455 70.76887 hargrave 2016-08-17 17:48:21 
NRM    318.8  42.6 323.9  50.8 2.24E-02 003.4 117.3  38.0 113.5358 23.77056 69.96273 hargrave 2016-08-17 20:37:27 
LN2    317.6  42.1 322.4  50.4 2.17E-02 002.8 116.0  37.7 79.98509 28.00626 65.21978 hargrave 2016-08-19 19:26:12 
TT 100 319.8  42.4 325.1  50.5 2.16E-02 002.4 118.2  37.5 42.69257 48.09658 64.59100 hargrave 2016-08-26 14:49:15 
TT 200 321.3  42.5 326.8  50.4 2.02E-02 003.3 119.6  37.4 95.25568 17.74760 63.87102 hargrave 2016-08-31 18:50:39 
TT 300 320.3  42.5 325.6  50.6 1.76E-02 002.6 118.6  37.6 41.05646 31.95291 59.22148 hargrave 2016-09-01 16:20:27 
TT 350 320.8  42.6 326.3  50.6 1.69E-02 002.4 119.2  37.5 33.01499 31.90012 55.01825 hargrave 2016-09-02 15:42:55 
TT 400 319.0  42.7 324.3  50.9 1.63E-02 001.8 117.6  38.1 18.34837 34.67821 33.49278 hargrave 2016-09-08 11:35:20 
TT 425 318.8  42.6 324.0  50.8 1.60E-02 002.9 117.4  38.0 52.55439 52.72204 32.08852 hargrave 2016-09-09 09:28:23 
TT 450 318.7  42.5 323.8  50.7 1.57E-02 001.6 117.2  37.9 19.17810 28.20444 28.15762 hargrave 2016-09-12 11:43:12 
TT 475 319.3  43.0 324.6  51.1 1.54E-02 003.9 117.9  38.2 74.77545 65.45191 31.91596 hargrave 2016-09-12 22:31:03 
TT 500 321.1  43.3 326.8  51.2 1.52E-02 001.6 119.6  38.2 15.29602 23.57628 30.94725 hargrave 2016-09-15 12:21:53 
TT 525 315.4  42.2 320.0  50.7 1.47E-02 003.3 114.2  38.2 55.06965 55.37588 37.07710 hargrave 2016-09-19 18:45:05 
TT 550 319.0  42.8 324.2  51.0 1.42E-02 004.5 117.6  38.1 84.25453 65.80109 28.14509 hargrave 2016-09-22 17:43:35 
TT 560 319.0  42.9 324.3  51.0 1.39E-02 004.9 117.6  38.2 88.79529 71.95322 30.93671 hargrave 2016-09-29 11:28:38 
TT 570 317.2  42.5 322.1  50.9 1.32E-02 004.0 115.9  38.2 70.11794 56.01688 26.80771 hargrave 2016-10-03 18:18:21 
TT 575 317.9  42.6 322.9  50.8 1.29E-02 004.4 116.5  38.1 73.41164 62.99704 27.79461 hargrave 2016-10-08 15:23:21 
TT 575 317.7  42.5 322.7  50.8 1.29E-02 004.5 116.3  38.0 74.21215 67.13851 26.32334 hargrave 2016-10-10 17:12:42 
TT 580 319.8  43.1 325.2  51.2 1.23E-02 002.0 118.4  38.3 21.12023 28.24639 26.09674 hargrave 2016-10-20 13:06:09 
TT 595 317.5  42.8 322.4  51.1 1.08E-02 002.8 116.2  38.4 29.84518 36.44020 25.22612 hargrave 2016-10-25 01:00:36 
TT 610 317.1  42.8 322.0  51.1 8.59E-03 002.8 115.8  38.5 30.03182 25.25843 13.76126 hargrave 2016-11-07 11:22:29 
TT 625 316.8  44.0 321.9  52.4 2.80E-03 002.1 116.0  39.7 4.903305 7.491368 5.801987 hargrave 2016-11-08 12:43:44 
TT 640 315.7  45.3 320.9  53.8 2.32E-03 002.3 115.5  41.2 4.241319 6.781868 4.990086 hargrave 2016-11-09 11:45:51 
TT 655 319.3  45.4 325.2  53.5 2.09E-03 002.1 118.7  40.5 3.852545 5.292302 4.137815 hargrave 2016-11-10 12:30:01 
TT 665 319.0  45.2 324.7  53.3 1.91E-03 001.6 118.4  40.4 3.047937 3.093102 3.217031 hargrave 2016-11-11 13:25:09 
TT 675 318.0  44.8 323.5  53.1 1.78E-03 002.5 117.4  40.2 5.350469 5.046775 2.740736 hargrave 2016-11-14 20:46:17 
TT 680 318.8  45.1 324.4  53.3 1.20E-03 002.6 118.1  40.4 4.797781 1.333214 2.519445 hargrave 2016-11-15 19:35:55 
