GB6- 5a sun compass orientation
  82.35 112.5  74.0  20.7   9.5   1.0
NRM    315.8  38.3 319.8  46.8 7.47E-03 002.0 234.7  28.0 20.22771 9.985090 13.95953 hargrave 2016-08-17 17:42:27 
NRM    315.7  38.1 319.7  46.6 7.47E-03 001.9 234.9  27.9 18.32085 9.092404 14.16675 hargrave 2016-08-17 20:29:36 
LN2    315.8  39.0 319.9  47.5 7.30E-03 001.5 233.9  27.9 5.401377 13.20297 13.58633 hargrave 2016-08-19 19:20:17 
TT 100 315.1  34.1 318.4  42.6 7.26E-03 002.6 239.5  27.4 29.57540 12.56032 10.56533 hargrave 2016-08-26 14:41:25 
TT 200 315.1  34.8 318.5  43.4 6.66E-03 002.1 238.6  27.4 19.92441 7.108038 13.43521 hargrave 2016-08-31 18:44:26 
TT 300 315.2  36.7 318.9  45.2 5.80E-03 003.0 236.5  27.5 25.73444 11.95391 11.36985 hargrave 2016-09-01 16:12:28 
TT 350 315.4  37.6 319.2  46.1 5.50E-03 002.6 235.5  27.7 20.44162 9.104074 11.22428 hargrave 2016-09-02 15:34:56 
TT 400 314.8  36.6 318.4  45.1 5.15E-03 001.1 236.7  27.2 6.617156 5.087310 5.655757 hargrave 2016-09-08 11:27:27 
TT 425 314.9  39.0 318.8  47.6 5.00E-03 001.7 233.9  27.3 11.29477 8.447477 5.778933 hargrave 2016-09-08 17:36:48 
TT 450 314.7  37.9 318.4  46.4 4.81E-03 001.4 235.2  27.1 8.425407 8.012188 4.600098 hargrave 2016-09-12 11:36:24 
TT 475 314.8  36.2 318.4  44.7 4.62E-03 001.9 237.1  27.2 11.81886 9.333896 5.739879 hargrave 2016-09-12 22:24:10 
TT 500 315.1  34.5 318.4  43.1 4.41E-03 001.6 239.0  27.4 9.203004 6.970387 4.892073 hargrave 2016-09-15 12:16:54 
TT 525 315.0  36.4 318.6  44.9 4.11E-03 001.6 236.9  27.4 9.204019 5.461032 5.158330 hargrave 2016-09-19 18:37:43 
TT 550 315.3  38.4 319.2  46.9 3.74E-03 004.4 234.6  27.6 22.97303 16.67842 4.374175 hargrave 2016-09-22 17:35:07 
TT 560 315.1  37.7 318.9  46.2 3.56E-03 003.7 235.4  27.5 18.87349 13.10811 3.971673 hargrave 2016-09-29 11:21:14 
TT 570 314.9  37.6 318.6  46.2 3.28E-03 003.5 235.5  27.3 15.96762 11.08915 4.578589 hargrave 2016-10-03 18:12:29 
TT 575 314.2  36.0 317.6  44.6 3.13E-03 001.2 237.3  26.7 3.649845 4.539687 3.995277 hargrave 2016-10-08 15:12:38 
TT 575 314.1  37.8 317.8  46.4 3.14E-03 002.6 235.3  26.7 11.69088 8.184967 3.926733 hargrave 2016-10-10 17:04:07 
TT 580 314.8  34.3 318.2  42.9 2.96E-03 001.5 239.2  27.2 5.410222 4.300826 3.777182 hargrave 2016-10-20 12:57:09 
TT 595 314.9  33.0 318.0  41.5 2.56E-03 001.0 240.7  27.2 1.826356 2.948753 3.632592 hargrave 2016-10-25 00:52:40 
TT 610 314.3  35.6 317.7  44.2 2.04E-03 000.9 237.8  26.8 1.769052 1.735958 2.316719 hargrave 2016-11-07 11:14:41 
TT 625 314.9  36.7 318.5  45.3 1.43E-03 002.8 236.5  27.2 5.624016 3.694880 1.798315 hargrave 2016-11-08 12:37:50 
TT 640 314.5  40.5 318.6  49.1 1.19E-03 002.0 232.3  26.9 3.275159 2.277031 1.506509 hargrave 2016-11-09 11:39:45 
TT 655 314.8  38.9 318.8  47.5 1.02E-03 002.0 234.0  27.2 2.768855 1.969859 1.256495 hargrave 2016-11-10 12:19:32 
TT 665 314.8  35.1 318.3  43.7 8.28E-04 001.3 238.3  27.2 1.363081 0.936802 1.000671 hargrave 2016-11-11 13:18:27 
TT 675 315.2  37.8 319.1  46.3 6.35E-04 002.1 235.3  27.6 1.786392 1.269117 0.768436 hargrave 2016-11-14 20:40:20 
TT 680 314.9  36.0 318.4  44.5 5.13E-04 002.6 237.3  27.3 1.789163 1.302271 0.673728 hargrave 2016-11-15 19:26:54 
