AP1- 5a sun compass orientation
      4 313.1  38.0  70.3  13.0 1.0
NRM    128.1 -55.5 113.3 -65.6 3.83E-02 001.9 309.6 -42.8 62.80300 90.95755 66.96252 hargrave 2016-04-08 16:20:12
LN2    128.2 -55.6 113.4 -65.8 3.66E-02 003.4 309.9 -42.8 135.6598 160.3688 75.14388 hargrave 2016-04-11 16:37:55
TT 100 130.0 -57.6 114.3 -67.9 3.65E-02 001.7 312.9 -43.1 62.70851 54.43884 77.68067 hargrave 2016-04-18 09:24:22
TT 200 131.3 -59.6 114.3 -70.1 3.70E-02 001.8 315.8 -43.6 54.44736 71.60245 79.59080 hargrave 2016-04-18 16:39:47
TT 300 131.8 -59.8 114.8 -70.3 3.44E-02 001.8 316.1 -43.5 42.70291 71.13996 76.79061 hargrave 2016-04-19 12:27:02
TT 350 131.1 -59.1 114.6 -69.5 2.27E-02 002.1 315.0 -43.4 39.55061 55.53851 55.45217 hargrave 2016-04-25 12:02:29
TT 400 133.0 -61.7 114.7 -72.3 1.83E-02 002.4 318.8 -44.0 59.86618 31.57804 39.04594 hargrave 2016-04-26 08:57:43
TT 450 130.9 -58.8 114.5 -69.3 1.46E-02 003.5 314.7 -43.3 45.56491 69.27892 34.82634 hargrave 2016-04-26 16:27:32
TT 475 131.0 -59.3 114.2 -69.7 1.22E-02 002.2 315.3 -43.6 32.32781 16.67056 31.30769 hargrave 2016-05-02 13:20:53
TT 500 133.1 -61.2 115.3 -71.8 1.07E-02 002.1 318.2 -43.7 29.75653 15.54475 22.79362 hargrave 2016-05-02 19:43:57
TT 525 133.2 -61.5 115.2 -72.1 9.10E-03 002.1 318.6 -43.8 25.80434 12.56090 18.81253 hargrave 2016-05-03 18:36:58
TT 550 132.1 -60.3 114.8 -70.9 7.27E-03 001.9 316.9 -43.6 12.78067 14.61590 16.81296 hargrave 2016-05-12 14:17:24
TT 560 131.9 -60.5 114.2 -71.0 5.41E-03 001.9 317.0 -43.8 10.99232 8.258613 12.33133 hargrave 2016-05-16 11:58:15
TT 570 129.5 -58.5 112.9 -68.7 3.55E-03 001.9 313.8 -43.8 6.254382 7.675619 7.852409 hargrave 2016-05-16 17:58:47
TT 575 129.8 -60.7 111.1 -70.9 2.56E-03 002.5 316.6 -44.8 5.341087 8.499012 5.825632 hargrave 2016-05-17 14:15:54 
TT 580 130.1 -59.9 112.4 -70.1 2.16E-03 002.0 315.6 -44.2 3.857453 5.419176 4.361968 hargrave 2016-05-18 11:08:49
