AP1- 4a sun compass orientation
    0.5   3.6  19.0  70.3  13.0 1.0
NRM    119.1 -64.0 092.7 -71.8 2.98E-02 001.5 246.6 -78.2 52.29936 58.44106 27.65455 hargrave 2016-04-08 16:18:40
LN2    119.4 -64.2 092.8 -72.0 2.88E-02 001.5 247.7 -78.2 49.31328 58.33823 23.72267 hargrave 2016-04-11 16:36:24
TT 100 119.5 -64.0 093.2 -71.9 2.89E-02 001.4 247.4 -78.0 47.86267 52.02176 27.01146 hargrave 2016-04-18 09:23:09
TT 200 121.2 -65.3 093.3 -73.3 2.96E-02 001.3 254.1 -78.4 42.89430 47.04715 28.01093 hargrave 2016-04-18 16:38:34
TT 300 122.3 -66.0 093.4 -74.2 2.66E-02 001.4 258.3 -78.5 44.77864 47.81860 21.55255 hargrave 2016-04-19 12:25:49
TT 350 122.1 -65.9 093.3 -74.1 1.86E-02 001.8 257.8 -78.5 44.17396 39.71812 27.82635 hargrave 2016-04-25 12:00:57
TT 400 121.6 -66.0 092.4 -74.1 1.68E-02 001.7 257.8 -78.7 36.04993 33.17067 25.53618 hargrave 2016-04-26 08:56:11
TT 450 122.2 -66.0 093.4 -74.2 1.54E-02 001.8 258.2 -78.5 34.55140 31.13311 22.28173 hargrave 2016-04-26 16:25:08
TT 475 122.6 -66.1 093.6 -74.4 1.42E-02 001.6 259.4 -78.5 28.15851 26.56073 11.96923 hargrave 2016-05-02 13:19:22
TT 500 123.0 -66.5 093.4 -74.7 1.32E-02 001.7 261.1 -78.6 26.39749 26.48555 16.47674 hargrave 2016-05-02 19:42:20
TT 525 123.5 -67.0 093.0 -75.3 1.18E-02 001.6 263.8 -78.7 22.58460 23.00512 14.32565 hargrave 2016-05-03 18:35:27
TT 550 122.1 -66.2 092.7 -74.4 9.90E-03 001.6 259.2 -78.7 19.29014 17.92505 14.70832 hargrave 2016-05-12 14:15:52
TT 560 122.6 -66.5 092.9 -74.7 8.14E-03 001.6 260.8 -78.7 16.51173 15.45777 10.76367 hargrave 2016-05-16 11:56:43
TT 570 122.9 -66.1 093.9 -74.4 6.53E-03 001.7 259.6 -78.4 15.27614 12.43455 9.454499 hargrave 2016-05-16 17:57:15
TT 575 122.9 -66.2 093.9 -74.5 5.44E-03 001.7 259.9 -78.4 12.16352 10.35390 7.763860 hargrave 2016-05-17 14:14:23 
TT 580 124.0 -66.5 094.6 -75.0 4.83E-03 001.6 262.4 -78.3 9.619498 8.877746 5.935023 hargrave 2016-05-18 11:07:17
