AP1- 1a sun compass orientation
    0.2 300.0  19.0  70.3  13.0 1.0
NRM    120.9 -62.7 096.8 -71.0 3.34E-02 001.5 302.8 -56.9 78.65551 40.70748 37.01333 hargrave 2016-04-08 16:13:53
LN2    119.5 -62.4 095.6 -70.4 3.30E-02 002.1 301.6 -57.0 108.5198 52.74582 37.13915 hargrave 2016-04-11 16:31:39
TT 100 121.2 -62.9 097.0 -71.2 3.30E-02 002.0 303.2 -57.0 102.8898 50.72815 36.71479 hargrave 2016-04-18 09:19:17
TT 200 123.3 -63.7 098.5 -72.4 3.34E-02 001.4 305.6 -57.1 71.05715 41.39774 35.80577 hargrave 2016-04-18 16:34:42
TT 300 120.9 -63.2 096.3 -71.4 3.13E-02 001.1 303.4 -57.3 44.71813 41.85290 33.10015 hargrave 2016-04-19 12:21:57
TT 350 126.4 -64.6 101.3 -73.8 2.55E-02 001.7 308.5 -57.0 62.46533 41.66529 40.16465 hargrave 2016-04-25 11:56:05
TT 400 124.9 -64.6 099.1 -73.5 2.22E-02 002.3 307.6 -57.4 76.65609 45.09009 32.29805 hargrave 2016-04-26 08:51:24
TT 450 124.1 -63.7 099.6 -72.5 1.99E-02 001.8 306.1 -56.8 50.76592 35.39005 26.42575 hargrave 2016-04-26 16:20:18
TT 475 125.0 -64.3 099.8 -73.3 1.81E-02 001.4 307.3 -57.1 34.61437 26.47623 19.38334 hargrave 2016-05-02 13:14:36
TT 500 123.9 -64.4 098.2 -73.1 1.66E-02 002.1 306.7 -57.5 53.23437 29.47389 25.46281 hargrave 2016-05-02 19:37:35
TT 525 123.8 -64.1 098.7 -72.8 1.47E-02 001.8 306.3 -57.2 41.44331 22.08852 19.62251 hargrave 2016-05-03 18:30:33
TT 550 125.3 -65.3 098.6 -74.2 1.24E-02 001.8 308.6 -57.8 33.95345 19.91234 19.16717 hargrave 2016-05-12 14:11:06
TT 560 126.4 -64.4 101.5 -73.6 1.05E-02 001.8 308.3 -56.9 27.96817 16.17352 16.55752 hargrave 2016-05-16 11:51:52
TT 570 125.0 -64.6 099.5 -73.5 8.91E-03 002.3 307.6 -57.3 32.01054 16.96623 14.07818 hargrave 2016-05-16 17:52:28
TT 575 125.9 -64.8 100.3 -73.9 7.73E-03 002.5 308.4 -57.3 28.44464 17.36769 11.57630 hargrave 2016-05-17 14:09:37 
TT 580 128.8 -64.3 105.2 -73.9 6.92E-03 001.6 309.7 -56.1 17.33375 10.15175 9.399329 hargrave 2016-05-18 11:01:40
