AP1- 2a sun compass orientation
   0.35  28.6  39.0  70.3  13.0 1.0
NRM    125.3 -63.6 101.4 -72.7 2.18E-02 002.0 346.6 -76.9 73.36727 29.64107 20.68813 hargrave 2016-04-08 16:15:33
LN2    124.8 -63.6 100.7 -72.6 2.10E-02 002.1 347.7 -76.9 73.26050 28.76246 20.65101 hargrave 2016-04-11 16:33:18
TT 100 124.9 -63.5 100.9 -72.5 2.10E-02 002.0 347.5 -77.0 65.75451 28.59725 21.56322 hargrave 2016-04-18 09:20:38
TT 200 126.9 -64.0 102.8 -73.4 2.14E-02 002.0 344.6 -76.2 69.20251 29.84291 22.52940 hargrave 2016-04-18 16:36:04
TT 300 126.8 -64.2 102.5 -73.5 2.01E-02 002.0 345.0 -76.1 65.27213 27.70770 19.93606 hargrave 2016-04-19 12:23:18
TT 350 127.1 -64.5 102.4 -73.9 1.44E-02 002.5 345.0 -75.8 56.33120 27.47323 23.89403 hargrave 2016-04-25 11:57:50
TT 400 126.1 -64.4 101.1 -73.5 1.29E-02 002.4 346.6 -76.0 50.44367 23.29171 21.34618 hargrave 2016-04-26 08:53:03
TT 450 128.7 -64.7 104.4 -74.3 1.15E-02 002.6 342.7 -75.4 47.05465 23.27196 18.13441 hargrave 2016-04-26 16:21:58
TT 475 127.4 -64.7 102.5 -74.1 1.03E-02 001.8 344.9 -75.6 28.93001 16.97185 9.523314 hargrave 2016-05-02 13:16:15
TT 500 127.7 -64.8 102.7 -74.2 9.37E-03 002.1 344.5 -75.4 30.64709 17.79482 14.17722 hargrave 2016-05-02 19:39:14
TT 525 127.8 -65.1 102.5 -74.5 8.37E-03 002.0 344.7 -75.2 23.57117 18.71328 11.14426 hargrave 2016-05-03 18:32:12
TT 550 126.8 -64.7 101.7 -74.0 7.03E-03 002.4 345.7 -75.6 18.75397 23.71363 10.15463 hargrave 2016-05-12 14:12:45
TT 560 129.3 -64.0 106.3 -73.8 5.84E-03 002.0 340.5 -75.8 17.22405 11.62013 7.984597 hargrave 2016-05-16 11:53:32
TT 570 129.3 -64.4 105.7 -74.1 4.74E-03 002.3 341.3 -75.5 17.64023 8.848380 6.950200 hargrave 2016-05-16 17:54:08
TT 575 129.9 -64.2 106.9 -74.1 4.00E-03 001.8 340.0 -75.5 10.39685 7.454529 5.312193 hargrave 2016-05-17 14:11:17 
TT 580 128.7 -64.8 104.2 -74.4 3.49E-03 001.6 342.9 -75.2 7.373389 6.785959 4.098446 hargrave 2016-05-18 11:03:19
