AP1- 8a sun compass orientation
    4.4 316.7  50.0  70.3  13.0 1.0
NRM    122.9 -65.8 094.6 -74.1 6.20E-02 001.5 327.9 -41.4 112.4705 105.6711 67.12237 hargrave 2016-04-08 16:24:57
LN2    123.2 -67.1 092.3 -75.3 5.90E-02 001.3 329.7 -41.4 101.8657 85.92808 57.92895 hargrave 2016-04-11 16:42:43
TT 100 122.1 -65.1 094.7 -73.4 5.86E-02 001.8 327.0 -41.6 103.0954 139.9239 59.85686 hargrave 2016-04-18 09:28:15
TT 200 123.7 -65.7 095.8 -74.2 5.97E-02 001.5 327.9 -41.0 102.9160 119.0814 45.60098 hargrave 2016-04-18 16:43:36
TT 300 124.7 -66.6 095.4 -75.2 5.72E-02 000.9 329.1 -40.8 72.87224 59.38287 46.17703 hargrave 2016-04-19 12:30:49
TT 350 124.3 -66.8 094.5 -75.3 4.89E-02 001.4 329.3 -40.9 88.15021 68.31361 72.78372 hargrave 2016-04-25 12:07:12
TT 400 124.5 -66.5 095.3 -75.0 4.36E-02 001.3 328.9 -40.9 73.45907 53.84613 57.51999 hargrave 2016-04-26 09:02:28
TT 450 124.4 -65.3 097.3 -74.0 3.93E-02 001.6 327.4 -40.7 86.62325 65.97200 50.32791 hargrave 2016-04-26 16:32:19
TT 475 125.1 -66.3 096.5 -75.0 3.61E-02 001.5 328.7 -40.6 56.22529 68.42093 36.28091 hargrave 2016-05-02 13:25:41
TT 500 125.3 -67.8 093.6 -76.3 3.32E-02 001.3 330.7 -40.7 53.19804 44.85060 44.27006 hargrave 2016-05-02 19:48:42
TT 525 125.4 -66.8 096.0 -75.5 2.87E-02 001.4 329.4 -40.5 43.89335 55.04992 31.01715 hargrave 2016-05-03 18:41:42
TT 550 125.2 -65.9 097.4 -74.7 2.09E-02 001.4 328.3 -40.5 38.27690 28.72656 29.76093 hargrave 2016-05-12 14:22:09
TT 560 125.5 -66.4 096.9 -75.2 1.37E-02 001.4 328.9 -40.4 28.30432 16.74578 18.26289 hargrave 2016-05-16 12:03:05
TT 570 126.1 -67.0 096.5 -75.8 8.39E-03 001.6 329.8 -40.3 19.60051 10.89365 11.10602 hargrave 2016-05-16 18:03:32
TT 575 127.2 -67.4 097.1 -76.4 5.95E-03 001.5 330.3 -39.9 9.290693 11.58425 7.997321 hargrave 2016-05-17 14:21:29 
TT 580 126.8 -66.9 097.5 -75.9 4.81E-03 001.7 329.7 -40.0 7.967305 11.71376 5.052517 hargrave 2016-05-18 11:13:34
