AP1- 6a sun compass orientation
    4.2 307.9  38.0  70.3  13.0 1.0
NRM    127.4 -59.6 109.0 -69.4 5.94E-02 003.1 316.2 -43.0 250.6062 203.0200 64.10792 hargrave 2016-04-08 16:21:48
LN2    126.5 -59.0 108.4 -68.7 5.76E-02 003.8 315.2 -43.1 269.2278 265.8322 50.78160 hargrave 2016-04-11 16:39:31
TT 100 127.2 -59.3 109.1 -69.1 5.76E-02 002.8 315.8 -42.9 219.0731 170.5997 57.22103 hargrave 2016-04-18 09:25:40
TT 200 128.5 -60.1 109.9 -70.0 5.90E-02 001.9 317.2 -42.8 161.5088 114.4347 60.76400 hargrave 2016-04-18 16:41:04
TT 300 129.7 -60.9 110.8 -71.0 5.81E-02 002.3 318.5 -42.8 186.9223 145.8501 56.23706 hargrave 2016-04-19 12:28:19
TT 350 130.5 -61.4 111.3 -71.6 4.66E-02 002.0 319.4 -42.7 132.8765 78.24123 72.45011 hargrave 2016-04-25 12:04:05
TT 400 129.5 -61.1 110.3 -71.2 4.06E-02 002.0 318.7 -43.0 109.5130 74.73598 56.01972 hargrave 2016-04-26 08:59:19
TT 450 129.5 -60.8 110.5 -70.9 3.54E-02 003.0 318.4 -42.8 144.3470 112.2238 49.64722 hargrave 2016-04-26 16:29:09
TT 475 129.7 -61.2 110.6 -71.2 3.13E-02 001.9 318.8 -42.9 76.27853 70.08277 28.64140 hargrave 2016-05-02 13:22:33
TT 500 130.9 -62.1 111.2 -72.3 2.79E-02 001.3 320.3 -42.9 44.91806 36.95029 39.61035 hargrave 2016-05-02 19:45:33
TT 525 130.3 -61.3 111.2 -71.4 2.34E-02 001.7 319.2 -42.7 54.48908 39.09621 24.29288 hargrave 2016-05-03 18:38:34
TT 550 130.9 -61.8 111.4 -72.1 1.74E-02 001.8 320.0 -42.8 42.75561 28.84102 21.89457 hargrave 2016-05-12 14:19:00
TT 560 130.3 -61.3 111.2 -71.5 1.30E-02 001.9 319.2 -42.7 34.54648 22.12428 17.79225 hargrave 2016-05-16 11:59:52
TT 570 129.8 -60.6 111.3 -70.7 1.00E-02 003.6 318.2 -42.6 48.01678 40.82934 13.18577 hargrave 2016-05-16 18:00:23
TT 575 131.4 -62.0 112.0 -72.3 8.21E-03 002.7 320.4 -42.7 30.47132 23.91484 11.13549 hargrave 2016-05-17 14:18:21 
TT 580 132.8 -62.8 113.1 -73.3 7.15E-03 001.7 321.7 -42.6 16.83823 11.34499 8.185271 hargrave 2016-05-18 11:10:25
