AP4- 3a mag compass orientation (IGRF corrected)
   47.6 259.3  83.0  70.3  13.0 1.0
NRM    099.8 -60.6 075.6 -64.6 1.49E-02 002.0 332.6  03.7 15.28776 26.55039 41.25108 hargrave 2016-04-08 17:00:36
LN2    099.3 -59.8 076.0 -63.7 1.47E-02 002.1 331.7  03.8 18.44971 30.38926 40.81370 hargrave 2016-04-11 17:21:38
TT 100 100.8 -61.6 075.4 -65.7 1.46E-02 002.3 333.7  03.7 14.11758 25.62658 50.61957 hargrave 2016-04-18 09:59:05
TT 200 102.3 -63.8 074.2 -68.0 1.45E-02 002.3 336.0  03.5 10.16693 18.72152 55.38381 hargrave 2016-04-18 17:14:41
TT 300 106.7 -67.0 073.8 -71.6 1.20E-02 002.6 339.6  03.8 14.92732 32.63904 42.17031 hargrave 2016-04-19 13:01:54
TT 350 105.7 -62.0 080.1 -67.2 6.23E-03 002.5 335.0  05.7 4.836771 11.51958 24.57732 hargrave 2016-04-25 12:42:48
TT 400 107.3 -63.3 080.1 -68.7 4.96E-03 002.4 336.5  05.7 3.017892 5.330486 19.91276 hargrave 2016-04-26 09:38:09
TT 450 108.2 -64.2 079.8 -69.6 4.31E-03 002.3 337.5  05.7 2.702002 3.061946 17.13446 hargrave 2016-04-26 17:06:08
TT 475 110.9 -64.3 082.7 -70.3 3.69E-03 003.3 338.2  06.6 1.599164 4.682845 20.66349 hargrave 2016-05-02 14:01:06
TT 500 109.7 -64.3 081.4 -70.0 3.14E-03 002.4 337.9  06.2 1.655724 2.985609 13.02643 hargrave 2016-05-02 20:22:43
TT 525 109.3 -63.2 082.5 -69.0 2.42E-03 002.6 336.9  06.6 1.183980 2.789452 10.56636 hargrave 2016-05-03 19:15:25
TT 550 113.8 -65.5 084.0 -72.0 1.78E-03 003.3 339.9  07.0 1.060665 2.268554 10.01149 hargrave 2016-05-12 14:56:57
TT 560 112.8 -64.7 084.2 -71.0 1.44E-03 002.9 338.9  07.1 0.967761 1.506267 7.226454 hargrave 2016-05-16 12:35:13
TT 570 113.9 -67.5 080.4 -73.6 1.45E-03 003.1 341.5  05.9 1.531227 2.767909 7.255636 hargrave 2016-05-16 18:35:35
TT 575 112.7 -68.3 077.3 -74.1 1.39E-03 003.2 342.0  05.1 1.694342 3.165503 6.858812 hargrave 2016-05-17 14:55:18 
TT 580 115.5 -69.4 078.0 -75.5 1.39E-03 003.4 343.4  05.3 0.710872 1.350240 8.072779 hargrave 2016-05-18 11:47:09
