AP4- 7a mag compass orientation (IGRF corrected)
   48.3 221.3  75.0  70.3  13.0 1.0
NRM    121.1 -53.1 106.1 -62.1 4.73E-02 002.8 353.4  21.3 74.04714 174.7635 132.1495 hargrave 2016-04-08 17:08:38
LN2    124.5 -53.9 109.7 -63.5 4.51E-02 001.7 355.7  20.8 41.28006 60.60713 117.7560 hargrave 2016-04-11 17:29:34
TT 100 122.1 -53.7 107.0 -62.8 4.50E-02 003.1 354.2  20.9 59.63335 198.6277 127.0872 hargrave 2016-04-18 10:05:45
TT 200 122.0 -54.9 105.9 -64.0 4.58E-02 002.5 354.3  19.6 57.10774 127.1178 142.8254 hargrave 2016-04-18 17:21:17
TT 300 124.1 -55.8 107.9 -65.2 3.63E-02 003.6 355.7  18.9 62.10581 154.9813 156.3178 hargrave 2016-04-19 13:08:28
TT 350 126.5 -55.0 111.5 -64.8 2.48E-02 002.7 357.0  19.9 36.06892 53.32747 97.91999 hargrave 2016-04-25 12:50:44
TT 400 126.7 -55.4 111.5 -65.3 2.03E-02 004.1 357.2  19.5 31.26740 120.6998 78.16764 hargrave 2016-04-26 09:46:56
TT 450 125.3 -55.0 110.1 -64.7 1.68E-02 003.8 356.4  19.8 25.39143 89.67567 59.49982 hargrave 2016-04-26 17:15:43
TT 475 123.7 -54.3 108.4 -63.8 1.47E-02 002.3 355.3  20.4 18.77288 18.95083 54.42911 hargrave 2016-05-02 14:09:06
TT 500 126.0 -55.2 110.8 -64.9 1.35E-02 003.4 356.8  19.7 20.57271 56.66292 54.48494 hargrave 2016-05-02 20:31:28
TT 525 124.0 -54.9 108.5 -64.3 1.18E-02 002.5 355.6  19.9 15.61509 11.38461 48.65239 hargrave 2016-05-03 19:24:11
TT 550 122.3 -55.1 106.2 -64.2 7.40E-03 002.9 354.6  19.5 11.40808 19.70804 30.37991 hargrave 2016-05-12 15:06:37
TT 560 123.8 -55.1 108.1 -64.5 5.00E-03 003.0 355.5  19.6 7.916763 13.63130 21.07315 hargrave 2016-05-16 12:45:04
TT 570 122.7 -55.7 106.2 -64.9 3.96E-03 003.4 354.9  18.9 6.553062 15.49845 16.10261 hargrave 2016-05-16 18:44:20
TT 575 123.3 -56.0 106.7 -65.3 3.35E-03 003.2 355.3  18.6 5.575894 10.97046 14.36896 hargrave 2016-05-17 15:03:14 
TT 580 125.5 -56.4 109.2 -66.0 3.07E-03 002.9 356.6  18.4 4.234053 7.068057 13.45687 hargrave 2016-05-18 11:55:06
