AP4- 1a mag compass orientation (IGRF corrected)
   47.2 299.3  74.0  70.3  13.0 1.0
NRM    103.7 -59.2 081.1 -64.2 1.35E-02 001.0 327.9 -21.7 13.70317 15.18133 11.57649 hargrave 2016-04-08 16:57:39
LN2    103.3 -60.9 078.9 -65.6 1.32E-02 002.4 329.8 -21.7 29.32125 45.49785 10.65149 hargrave 2016-04-11 17:18:39
TT 100 102.3 -62.5 075.9 -66.8 1.27E-02 001.1 331.6 -22.0 14.68688 18.71187 11.08467 hargrave 2016-04-18 09:56:45
TT 200 101.2 -62.3 075.0 -66.4 1.19E-02 001.0 331.5 -22.5 12.42778 13.66281 10.61122 hargrave 2016-04-18 17:11:37
TT 300 102.3 -63.7 074.5 -67.9 8.45E-03 001.1 332.8 -21.8 7.925192 12.14356 8.231220 hargrave 2016-04-19 12:58:53
TT 350 105.8 -59.1 083.4 -64.6 4.52E-03 001.7 327.8 -20.6 7.469002 10.19540 5.952770 hargrave 2016-04-25 12:39:53
TT 400 105.9 -61.8 080.6 -67.0 3.49E-03 001.5 330.7 -20.4 4.769381 6.768388 4.075753 hargrave 2016-04-26 09:35:12
TT 450 106.2 -62.8 079.6 -68.0 2.91E-03 003.2 331.7 -20.2 8.268145 13.32292 3.605425 hargrave 2016-04-26 17:03:13
TT 475 108.7 -59.1 086.6 -65.2 2.36E-03 001.2 327.7 -19.1 2.305243 3.069542 2.999162 hargrave 2016-05-02 13:58:07
TT 500 108.2 -59.5 085.6 -65.5 1.97E-03 001.8 328.1 -19.4 3.166549 5.014142 2.137006 hargrave 2016-05-02 20:19:47
TT 525 109.1 -59.8 086.3 -65.9 1.51E-03 001.3 328.5 -18.9 2.227795 1.984042 1.745978 hargrave 2016-05-03 19:12:28
TT 550 097.8 -58.5 075.6 -62.3 1.09E-03 001.1 327.7 -24.8 1.428457 1.034291 1.340383 hargrave 2016-05-12 14:54:01
TT 560 108.9 -57.5 088.4 -63.8 8.03E-04 001.0 326.0 -19.0 0.924391 0.672897 0.914087 hargrave 2016-05-16 12:32:17
TT 570 106.7 -60.0 083.4 -65.6 6.74E-04 001.2 328.7 -20.1 0.825193 0.980205 0.768160 hargrave 2016-05-16 18:32:40
TT 575 102.8 -65.0 073.1 -69.1 6.97E-04 001.4 334.2 -21.4 1.001143 1.279830 0.794484 hargrave 2016-05-17 14:52:23 
TT 580 106.7 -65.7 076.0 -70.5 7.08E-04 001.1 334.7 -19.7 0.964229 0.773563 0.749813 hargrave 2016-05-18 11:44:14
