AP4- 4a mag compass orientation (IGRF corrected)
   47.9 222.3  64.0  70.3  13.0 1.0
NRM    095.9 -66.0 064.9 -68.4 1.63E-02 002.3 345.9 -06.1 16.02931 63.04362 13.67894 hargrave 2016-04-08 17:02:07
LN2    093.9 -66.0 063.2 -67.9 1.59E-02 001.8 345.3 -06.5 12.74041 45.10529 13.83149 hargrave 2016-04-11 17:23:09
TT 100 097.2 -67.1 064.3 -69.6 1.59E-02 001.1 347.0 -06.8 8.596682 25.10459 15.64080 hargrave 2016-04-18 10:00:19
TT 200 100.3 -68.7 064.5 -71.5 1.61E-02 003.3 348.8 -07.5 18.09626 90.63598 16.46482 hargrave 2016-04-18 17:15:56
TT 300 101.3 -68.1 066.5 -71.3 1.37E-02 001.2 348.9 -06.8 6.162449 23.11269 16.43840 hargrave 2016-04-19 13:03:07
TT 350 107.1 -66.4 075.2 -71.2 6.47E-03 001.0 350.2 -04.4 4.441711 7.844300 8.112756 hargrave 2016-04-25 12:44:20
TT 400 107.6 -66.8 075.0 -71.7 5.18E-03 001.4 350.5 -04.7 3.790454 11.30675 6.183032 hargrave 2016-04-26 09:39:40
TT 450 106.6 -66.9 073.9 -71.5 4.43E-03 001.3 350.2 -04.9 2.749013 8.697284 5.501527 hargrave 2016-04-26 17:07:39
TT 475 110.2 -67.3 076.7 -72.7 3.86E-03 001.3 351.6 -04.8 1.811354 5.232799 6.567348 hargrave 2016-05-02 14:02:37
TT 500 115.4 -67.7 081.6 -74.2 3.33E-03 000.8 353.7 -04.6 1.953420 2.683000 3.919683 hargrave 2016-05-02 20:24:14
TT 525 113.5 -66.7 081.5 -72.9 2.51E-03 000.9 352.6 -03.8 1.325785 1.819192 3.308531 hargrave 2016-05-03 19:16:57
TT 550 107.8 -66.6 075.6 -71.5 1.88E-03 000.9 350.5 -04.4 1.139211 1.648663 2.274877 hargrave 2016-05-12 14:58:29
TT 560 112.8 -65.8 082.5 -72.0 1.45E-03 001.0 352.1 -03.0 0.794433 1.658296 1.778340 hargrave 2016-05-16 12:37:44
TT 570 115.8 -67.9 081.7 -74.4 1.39E-03 001.4 353.9 -04.7 0.812016 2.836315 1.710451 hargrave 2016-05-16 18:37:06
TT 575 110.6 -69.7 071.9 -74.7 1.33E-03 001.6 352.6 -07.0 0.930554 3.355934 1.608288 hargrave 2016-05-17 14:56:50 
TT 580 115.6 -70.5 074.9 -76.4 1.27E-03 001.0 354.5 -07.2 0.800346 1.419482 1.659481 hargrave 2016-05-18 11:48:41
