AP4- 6a mag compass orientation (IGRF corrected)
   48.1 230.3  73.0  70.3  13.0 1.0
NRM    121.9 -55.9 105.1 -64.9 2.85E-02 002.3 349.4  15.5 27.75471 99.28971 55.82396 hargrave 2016-04-08 17:05:40
LN2    124.9 -57.0 108.0 -66.5 2.75E-02 001.3 351.4  14.9 13.75862 34.78016 51.53309 hargrave 2016-04-11 17:26:37
TT 100 121.8 -56.9 104.2 -65.8 2.75E-02 001.7 349.7  14.5 18.29125 51.37043 62.04824 hargrave 2016-04-18 10:03:16
TT 200 125.7 -58.9 107.4 -68.4 2.83E-02 002.3 352.3  13.2 23.05327 86.31171 70.47615 hargrave 2016-04-18 17:18:50
TT 300 122.1 -59.2 102.4 -68.0 2.35E-02 003.4 350.6  12.4 33.81177 118.0875 66.63887 hargrave 2016-04-19 13:05:58
TT 350 125.9 -59.7 106.8 -69.3 1.26E-02 002.9 352.6  12.4 14.64865 55.47545 29.93871 hargrave 2016-04-25 12:47:47
TT 400 121.9 -58.6 102.7 -67.5 8.20E-03 003.1 350.3  12.8 10.58338 38.52934 19.15864 hargrave 2016-04-26 09:43:09
TT 450 125.8 -58.4 108.0 -67.9 5.19E-03 003.7 352.2  13.7 7.145655 30.13071 12.24983 hargrave 2016-04-26 17:11:07
TT 475 124.6 -57.8 106.9 -67.2 3.41E-03 003.5 351.4  14.0 4.957807 17.48547 9.992743 hargrave 2016-05-02 14:06:05
TT 500 127.8 -57.7 111.2 -67.6 2.54E-03 002.8 353.1  14.6 2.830609 10.79160 5.654614 hargrave 2016-05-02 20:27:42
TT 525 130.3 -57.8 114.5 -68.2 1.98E-03 001.8 354.5  14.7 1.330367 3.859685 4.663661 hargrave 2016-05-03 19:20:25
TT 550 121.2 -57.7 102.8 -66.4 1.50E-03 002.7 349.6  13.7 1.879065 5.926115 3.441489 hargrave 2016-05-12 15:01:59
TT 560 123.7 -57.1 106.4 -66.4 1.10E-03 002.0 350.8  14.6 1.024961 2.755740 2.586020 hargrave 2016-05-16 12:41:18
TT 570 125.7 -58.9 107.4 -68.4 9.29E-04 003.2 352.3  13.2 1.098751 4.570069 2.197035 hargrave 2016-05-16 18:40:34
TT 575 122.1 -63.1 097.8 -71.6 9.25E-04 002.1 351.8  08.6 0.867549 2.469549 2.298110 hargrave 2016-05-17 15:00:18 
TT 580 130.4 -63.2 109.0 -73.2 8.66E-04 002.5 355.5  09.4 0.453175 2.879680 2.439281 hargrave 2016-05-18 11:52:09
