GB13- 6a mag compass orientation (IGRF corrected)
  235.4 121.5  48.0  20.7   9.5   1.0
NRM    296.3  32.4 297.0  41.9 8.67E-04 001.5 241.9  17.6 1.851373 1.227659 0.642635 hargrave 2016-09-01 10:07:13 
LN2    296.4  31.1 297.1  40.5 8.49E-04 001.6 243.0  16.8 1.515471 0.849364 1.762304 hargrave 2016-09-04 17:38:13 
TT 100 294.4  32.6 294.9  42.1 8.47E-04 001.8 240.7  16.5 1.255234 1.330112 2.077244 hargrave 2016-09-08 13:44:32 
TT 200 294.4  31.6 294.9  41.1 8.37E-04 002.6 241.5  15.8 2.561800 1.989757 1.980729 hargrave 2016-09-12 15:19:43 
TT 300 213.0  48.0 202.3  49.2 3.52E-04 064.4 181.0  00.0 1.600148 72.42654 20.69450 hargrave 2016-09-13 15:22:32 
TT 300 294.0  31.5 294.4  41.0 7.95E-04 001.9 241.3  15.5 1.848770 1.382727 1.490762 hargrave 2016-09-14 13:44:34 
TT 350 294.5  30.3 295.0  39.8 7.55E-04 001.5 242.5  15.1 1.154481 0.839396 1.567845 hargrave 2016-09-26 18:06:07 
TT 400 293.7  30.9 294.1  40.4 7.28E-04 002.2 241.6  14.9 1.820513 1.439883 1.692538 hargrave 2016-10-06 21:16:01 
TT 425 293.4  31.4 293.7  40.9 7.16E-04 003.5 241.0  15.0 3.478164 2.291135 1.574376 hargrave 2016-10-24 11:00:36 
TT 450 290.4  34.2 290.4  43.7 6.92E-04 002.1 237.1  15.0 1.787929 1.109734 1.555395 hargrave 2016-10-28 12:40:41 
TT 475 293.5  30.8 293.8  40.3 6.84E-04 003.2 241.6  14.7 3.182149 1.748580 1.429559 hargrave 2016-11-03 13:09:17 
TT 500 292.7  31.5 292.9  40.9 6.76E-04 001.6 240.6  14.6 1.206352 0.928746 1.181763 hargrave 2016-11-08 13:31:37 
TT 525 293.9  30.5 294.3  40.0 6.63E-04 001.3 242.0  14.8 0.391467 0.533121 1.351174 hargrave 2016-11-08 20:59:28 
TT 550 296.5  27.8 297.1  37.2 6.47E-04 001.4 245.7  14.7 0.763663 0.371528 1.293209 hargrave 2016-11-09 16:16:40 
TT 560 295.2  29.1 295.7  38.5 6.42E-04 002.5 243.9  14.7 2.387087 0.953059 1.143497 hargrave 2016-11-13 22:30:59 
TT 570 297.2  26.4 297.8  35.9 6.35E-04 001.7 247.1  14.3 1.193442 0.883111 1.248868 hargrave 2016-11-15 09:54:05 
TT 575 290.5  34.1 290.4  43.6 6.22E-04 010.7 237.3  14.9 9.735723 6.481953 1.278573 hargrave 2016-11-16 14:56:30 
TT 575 294.4  29.6 294.9  39.1 6.30E-04 003.3 243.0  14.5 3.118528 1.391589 1.251540 hargrave 2016-11-16 17:10:40 
TT 580 294.9  29.5 295.4  38.9 6.23E-04 005.6 243.4  14.8 5.102293 2.984815 1.524256 hargrave 2016-11-21 15:30:47 
TT 595 293.4  30.9 293.8  40.4 6.03E-04 001.4 241.5  14.7 0.736207 0.337325 1.239656 hargrave 2016-11-23 15:09:17 
TT 610 295.0  28.8 295.5  38.2 5.82E-04 001.1 244.0  14.4 0.391819 0.425191 1.055765 hargrave 2016-11-30 17:04:25 
TT 625 294.3  30.1 294.7  39.6 4.81E-04 001.5 242.6  14.7 0.590862 0.190322 1.122399 hargrave 2016-12-09 15:44:03 
TT 640 295.9  29.2 296.5  38.6 3.18E-04 001.8 244.2  15.2 0.793788 0.387969 0.518292 hargrave 2016-12-13 19:32:28 
TT 655 296.0  29.7 296.6  39.2 1.92E-04 001.4 243.9  15.6 0.249483 0.195197 0.350313 hargrave 2016-12-16 08:38:49 
TT 655 296.1  30.1 296.7  39.6 8.02E-05 003.6 243.6  16.0 0.405418 0.237232 0.188568 hargrave 2016-12-17 17:41:10 
TT 675 296.8  30.6 297.5  40.1 3.96E-05 004.5 243.6  16.8 0.260466 0.141698 0.100086 hargrave 2016-12-22 13:08:15 
TT 680 298.0  27.8 298.9  37.2 2.45E-05 003.5 246.6  15.8 0.081707 0.128263 0.073293 hargrave 2016-12-23 10:26:01 
