GB13- 1a mag compass orientation (IGRF corrected)
  235.1 152.5  64.0  20.7   9.5   1.0
NRM    294.3  36.9 294.8  46.4 1.21E-03 002.7 219.7 -10.5 2.399359 3.813309 3.688358 hargrave 2016-09-01 09:56:46 
LN2    291.5  38.5 291.6  48.0 1.19E-03 002.7 217.0 -10.9 3.346488 4.361601 1.466196 hargrave 2016-09-04 17:27:42 
TT 100 293.7  36.7 294.1  46.2 1.19E-03 001.8 219.5 -11.0 2.241801 2.791604 1.556800 hargrave 2016-09-08 13:35:09 
TT 200 291.6  37.2 291.8  46.7 1.17E-03 003.2 218.0 -11.8 4.041957 4.944514 1.805912 hargrave 2016-09-12 15:09:08 
TT 300 243.6  64.1 225.0  69.4 8.59E-04 040.7 180.5  00.1 0.938063 69.19911 25.94273 hargrave 2016-09-13 15:14:10 
TT 300 290.4  37.6 290.4  47.1 1.10E-03 003.7 216.9 -12.1 4.168703 5.572761 1.282086 hargrave 2016-09-14 13:35:37 
TT 350 294.1  34.6 294.7  44.0 1.04E-03 001.3 221.3 -12.2 1.317882 1.549267 1.475405 hargrave 2016-09-26 17:56:20 
TT 400 294.1  34.8 294.5  44.3 9.95E-04 002.8 221.1 -12.1 3.056461 3.596108 1.521973 hargrave 2016-10-06 21:06:35 
TT 425 294.5  34.6 295.1  44.1 9.76E-04 002.3 221.5 -11.9 2.362264 2.979608 0.954616 hargrave 2016-10-24 10:50:07 
TT 450 294.7  34.4 295.2  43.9 9.53E-04 001.2 221.8 -12.0 1.403553 1.084545 1.061080 hargrave 2016-10-28 12:29:51 
TT 475 292.1  35.9 292.3  45.4 9.13E-04 001.4 219.1 -12.4 1.205981 1.754002 1.109297 hargrave 2016-11-03 12:57:41 
TT 500 293.2  35.5 293.6  45.0 8.91E-04 001.8 220.1 -12.0 1.631763 2.236847 0.911738 hargrave 2016-11-08 13:21:48 
TT 525 294.0  34.9 294.5  44.4 8.82E-04 001.8 221.0 -12.0 1.828077 1.850474 0.939440 hargrave 2016-11-08 20:50:46 
TT 550 292.2  36.1 292.5  45.6 8.53E-04 001.7 219.1 -12.2 1.588700 1.662314 1.031191 hargrave 2016-11-09 16:08:26 
TT 560 293.9  34.4 294.3  43.9 8.30E-04 000.8 221.3 -12.4 0.826195 0.666290 0.963582 hargrave 2016-11-13 22:23:07 
TT 570 293.6  35.1 294.0  44.6 8.14E-04 000.9 220.6 -12.1 0.838313 0.682366 0.853180 hargrave 2016-11-15 09:44:20 
TT 575 294.8  34.1 295.3  43.5 8.11E-04 000.9 222.1 -12.1 0.643755 0.722263 0.921255 hargrave 2016-11-16 14:47:42 
TT 580 294.6  34.3 295.2  43.8 8.01E-04 001.7 221.8 -12.1 1.370075 1.655263 0.980096 hargrave 2016-11-21 15:22:53 
TT 595 293.5  34.7 294.0  44.2 7.41E-04 002.2 220.9 -12.4 2.111127 1.875272 1.006652 hargrave 2016-11-23 14:27:54 
TT 610 293.4  35.0 293.8  44.5 7.18E-04 001.0 220.6 -12.3 0.862562 0.676935 0.789459 hargrave 2016-11-30 16:54:33 
TT 625 293.1  35.5 293.4  45.0 4.98E-04 001.0 220.1 -12.1 0.508214 0.633334 0.525180 hargrave 2016-12-09 15:35:55 
TT 640 295.1  34.8 295.7  44.3 2.36E-04 002.4 221.7 -11.4 0.480988 0.764164 0.505127 hargrave 2016-12-13 19:24:25 
TT 655 296.1  35.5 296.9  44.9 1.38E-04 001.6 221.8 -10.4 0.151147 0.351220 0.197338 hargrave 2016-12-16 08:28:13 
TT 655 295.4  35.5 296.1  45.0 9.47E-05 003.2 221.4 -10.8 0.338096 0.378000 0.159650 hargrave 2016-12-17 17:30:33 
TT 675 299.5  32.8 300.7  42.2 5.68E-05 001.1 225.7 -10.0 0.063462 0.048380 0.100444 hargrave 2016-12-22 12:50:55 
TT 680 292.8  36.4 293.1  45.9 3.53E-05 001.9 219.2 -11.7 0.052334 0.142816 0.049998 hargrave 2016-12-23 10:17:35 
