GB13- 5a mag compass orientation (IGRF corrected)
 235.05 116.5  67.0  20.7   9.5   1.0
NRM    295.9  36.9 296.7  46.4 1.48E-03 001.3 235.2  13.1 2.447552 1.542507 1.849487 hargrave 2016-09-01 10:05:33 
LN2    295.2  35.2 295.8  44.7 1.44E-03 001.4 236.6  12.0 2.258691 2.287307 1.761131 hargrave 2016-09-04 17:36:34 
TT 100 295.3  34.2 296.0  43.7 1.45E-03 001.1 237.6  11.8 2.019191 1.447065 1.675548 hargrave 2016-09-08 13:43:16 
TT 200 294.9  33.9 295.5  43.4 1.43E-03 001.9 237.8  11.3 3.451903 2.801194 1.862919 hargrave 2016-09-12 15:18:11 
TT 300 205.9  67.0 184.0  66.0 7.00E-04 060.4 179.8  00.0 1.099362 122.3168 26.97392 hargrave 2016-09-13 15:20:35 
TT 300 294.6  33.5 295.1  43.0 1.37E-03 001.6 238.1  10.9 2.992460 2.285478 1.552585 hargrave 2016-09-14 13:42:37 
TT 350 295.0  32.7 295.6  42.2 1.30E-03 003.6 239.0  11.0 6.961705 3.942550 1.576117 hargrave 2016-09-26 18:04:07 
TT 400 294.9  32.4 295.5  41.9 1.24E-03 003.5 239.2  10.8 6.178076 4.054929 1.943974 hargrave 2016-10-06 21:14:09 
TT 425 295.1  33.3 295.7  42.8 1.22E-03 002.6 238.4  11.3 4.366263 3.052280 1.543646 hargrave 2016-10-24 10:59:05 
TT 450 295.4  31.6 296.0  41.1 1.19E-03 001.0 240.1  11.0 1.134410 1.112032 1.494355 hargrave 2016-10-28 12:38:28 
TT 475 292.9  36.1 293.3  45.6 1.16E-03 001.6 235.2  10.6 2.027950 2.462442 1.426651 hargrave 2016-11-03 13:07:25 
TT 500 294.2  34.1 294.7  43.6 1.14E-03 004.0 237.4  10.8 6.712504 4.266152 1.468549 hargrave 2016-11-08 13:30:01 
TT 525 294.7  33.1 295.3  42.5 1.13E-03 000.8 238.5  10.9 0.758724 0.799627 1.339098 hargrave 2016-11-08 20:57:36 
TT 550 294.8  32.6 295.4  42.1 1.10E-03 001.1 239.0  10.8 1.210225 1.307313 1.216453 hargrave 2016-11-09 16:14:44 
TT 560 295.6  30.7 296.2  40.2 1.08E-03 001.8 241.1  10.8 2.644570 1.706443 1.384072 hargrave 2016-11-13 22:29:07 
TT 570 294.9  32.0 295.4  41.4 1.07E-03 001.7 239.6  10.6 2.744232 1.473977 1.089740 hargrave 2016-11-15 09:52:27 
TT 575 293.8  34.5 294.3  43.9 1.06E-03 002.1 237.0  10.7 3.109596 1.879875 1.274041 hargrave 2016-11-16 14:54:37 
TT 580 294.5  33.3 295.0  42.8 1.05E-03 001.9 238.2  10.8 2.484509 2.029038 1.274162 hargrave 2016-11-21 15:28:54 
TT 595 295.0  32.2 295.6  41.7 1.03E-03 001.6 239.5  10.8 2.191655 1.455829 1.528109 hargrave 2016-11-23 15:07:19 
TT 610 294.5  32.6 295.0  42.1 9.98E-04 003.0 238.9  10.6 4.369435 2.611975 1.326974 hargrave 2016-11-30 17:02:58 
TT 625 297.0  27.4 297.7  36.8 8.18E-04 005.6 244.6  10.8 7.096131 3.599119 0.989725 hargrave 2016-12-09 15:42:10 
TT 640 295.9  32.4 296.6  41.8 4.94E-04 001.3 239.5  11.6 0.566225 0.406965 0.908497 hargrave 2016-12-13 19:30:31 
TT 655 297.6  31.2 298.5  40.6 3.34E-04 002.2 241.2  12.5 0.914804 0.690789 0.645847 hargrave 2016-12-16 08:37:17 
TT 655 296.7  32.8 297.5  42.3 1.75E-04 001.5 239.4  12.4 0.219303 0.206584 0.359633 hargrave 2016-12-17 17:39:35 
TT 675 297.9  32.4 298.9  41.8 9.96E-05 003.8 240.1  13.2 0.540732 0.343277 0.198873 hargrave 2016-12-22 13:06:40 
TT 680 297.3  31.8 298.2  41.2 8.14E-05 003.0 240.6  12.5 0.339021 0.260621 0.110909 hargrave 2016-12-23 10:24:41 
