GB13- 3a mag compass orientation (IGRF corrected)
  235.4 148.5  81.0  20.7   9.5   1.0
NRM    299.4  30.0 300.5  39.4 1.42E-03 001.1 233.5 -19.7 1.786473 1.096238 1.787887 hargrave 2016-09-01 10:00:01 
LN2    298.1  31.0 299.1  40.4 1.39E-03 002.6 232.1 -20.3 4.875790 3.350728 2.159019 hargrave 2016-09-04 17:31:01 
TT 100 297.9  30.5 298.8  39.9 1.39E-03 002.5 232.5 -20.8 3.933527 3.764205 2.505980 hargrave 2016-09-08 13:37:40 
TT 200 297.9  27.8 298.7  37.2 1.35E-03 003.6 235.1 -21.8 7.055133 4.230310 2.129658 hargrave 2016-09-12 15:14:01 
TT 300 237.3  80.9 171.8  81.7 6.97E-04 058.0 179.8 -00.1 1.096750 99.84069 52.94472 hargrave 2016-09-13 15:17:19 
TT 300 296.6  29.6 297.3  39.1 1.27E-03 001.0 232.8 -22.1 1.228257 0.815560 1.785686 hargrave 2016-09-14 13:39:27 
TT 350 297.8  26.8 298.6  36.3 1.19E-03 001.3 236.0 -22.3 1.648527 0.710150 2.040606 hargrave 2016-09-26 18:00:45 
TT 400 296.6  29.4 297.3  38.9 1.12E-03 002.2 233.0 -22.2 3.261796 2.045572 1.833853 hargrave 2016-10-06 21:10:22 
TT 425 297.4  28.0 298.1  37.5 1.09E-03 003.3 234.6 -22.2 5.067996 3.374721 1.391104 hargrave 2016-10-24 10:55:50 
TT 450 297.8  26.8 298.5  36.3 1.05E-03 002.5 236.0 -22.3 3.775656 2.229851 1.624458 hargrave 2016-10-28 12:34:33 
TT 475 296.1  29.1 296.8  38.5 9.90E-04 001.4 233.2 -22.7 1.284619 1.450493 1.405570 hargrave 2016-11-03 13:01:42 
TT 500 296.8  29.3 297.5  38.8 9.43E-04 002.5 233.2 -22.1 3.297388 2.290253 1.060892 hargrave 2016-11-08 13:25:17 
TT 525 297.7  26.7 298.4  36.1 9.13E-04 001.2 236.1 -22.4 1.242685 0.706454 1.353833 hargrave 2016-11-08 20:53:40 
TT 550 297.1  28.3 297.8  37.8 8.41E-04 001.2 234.3 -22.2 1.102755 0.804956 1.168930 hargrave 2016-11-09 16:11:29 
TT 560 298.2  24.9 299.0  34.3 8.01E-04 002.0 238.1 -22.7 2.342492 1.496028 0.866148 hargrave 2016-11-13 22:26:01 
TT 570 298.4  25.5 299.1  34.9 7.25E-04 001.4 237.6 -22.4 0.966063 0.888102 1.297768 hargrave 2016-11-15 09:49:13 
TT 575 296.3  28.8 297.0  38.2 7.20E-04 001.7 233.5 -22.7 1.580975 0.787295 1.150546 hargrave 2016-11-16 14:50:38 
TT 580 297.4  26.9 298.2  36.3 7.12E-04 001.3 235.8 -22.6 0.899500 0.718574 1.115799 hargrave 2016-11-21 15:25:48 
TT 595 295.7  29.7 296.3  39.1 6.66E-04 008.1 232.4 -22.8 7.400895 5.870746 0.820995 hargrave 2016-11-23 15:04:12 
TT 595 221.9  80.7 165.6  79.4 4.22E-04 052.8 177.4  00.1 2.543436 48.23377 28.08952 hargrave 2016-11-23 15:17:39 
TT 595 294.3  32.8 294.8  42.3 6.67E-04 004.7 228.8 -22.5 4.037917 3.502878 1.110360 hargrave 2016-11-23 15:22:55 
TT 610 297.0  27.8 297.7  37.2 6.60E-04 001.7 234.8 -22.6 1.486389 0.989055 0.925699 hargrave 2016-11-30 16:59:56 
TT 625 297.4  27.2 298.1  36.7 5.54E-04 001.7 235.4 -22.5 1.145310 1.019472 0.731482 hargrave 2016-12-09 15:39:02 
TT 640 298.6  27.4 299.5  36.8 1.90E-04 001.1 235.7 -21.4 0.224756 0.207584 0.240723 hargrave 2016-12-13 19:27:20 
TT 655 300.5  26.2 301.5  35.6 1.05E-04 001.9 237.6 -20.3 0.284116 0.179118 0.129128 hargrave 2016-12-16 08:34:01 
TT 655 298.9  31.6 300.0  41.0 4.57E-05 001.4 231.8 -19.4 0.081462 0.039565 0.073557 hargrave 2016-12-17 17:33:41 
TT 675 300.0  26.8 301.0  36.2 2.50E-05 003.2 236.8 -20.5 0.104974 0.088436 0.038075 hargrave 2016-12-22 12:53:24 
TT 680 300.0  26.1 300.9  35.5 2.14E-05 003.7 237.5 -20.8 0.113508 0.073686 0.036142 hargrave 2016-12-23 10:20:02 
