GB11- 8a sun compass orientation
  232.2 207.6  58.0  20.7   9.5   1.0
NRM    316.1  24.6 318.4  33.1 2.46E-03 003.8 199.6 -30.8 4.142793 9.596869 12.55709 hargrave 2016-09-01 09:37:41 
LN2    311.4  25.1 313.4  33.9 2.44E-03 001.7 194.6 -31.4 4.210016 2.531619 5.830433 hargrave 2016-09-04 17:08:29 
TT 100 314.7  24.3 316.9  32.9 2.43E-03 002.1 198.2 -31.4 2.399785 7.306552 5.061366 hargrave 2016-09-08 13:20:32 
TT 200 315.0  23.3 317.1  31.9 2.40E-03 002.9 198.9 -32.3 2.087411 10.99261 5.514025 hargrave 2016-09-12 13:13:44 
TT 300 298.9  58.0 302.0  67.4 1.97E-03 034.7 180.7 -00.0 2.768809 36.88007 130.8751 hargrave 2016-09-13 14:55:22 
TT 300 310.5  24.2 312.3  33.1 2.35E-03 004.1 194.0 -32.5 7.549224 14.35216 5.153469 hargrave 2016-09-14 13:17:39 
TT 350 312.5  23.5 314.5  32.3 2.24E-03 002.2 196.3 -32.7 2.595005 6.035024 5.805316 hargrave 2016-09-26 17:37:19 
TT 400 312.4  23.5 314.3  32.3 2.12E-03 002.8 196.2 -32.7 3.892169 7.838594 6.042983 hargrave 2016-10-04 11:15:40 
TT 425 312.8  23.4 314.8  32.2 2.05E-03 003.2 196.6 -32.7 2.801632 10.23436 5.137659 hargrave 2016-10-21 12:03:57 
TT 450 313.9  23.3 315.9  32.0 2.00E-03 002.5 197.7 -32.5 2.685184 7.494895 3.762692 hargrave 2016-10-28 12:06:42 
TT 475 312.3  23.4 314.2  32.1 1.90E-03 002.6 196.1 -32.9 1.969097 7.297533 4.271104 hargrave 2016-11-03 12:38:44 
TT 500 312.0  23.8 314.0  32.6 1.83E-03 002.1 195.7 -32.5 2.563492 4.960483 3.673967 hargrave 2016-11-07 12:55:34 
TT 525 312.3  23.8 314.3  32.6 1.72E-03 003.1 196.0 -32.4 2.041106 8.582791 3.184026 hargrave 2016-11-08 20:32:05 
TT 550 314.4  23.6 316.5  32.2 1.61E-03 001.7 198.2 -32.2 3.086953 1.924071 3.395549 hargrave 2016-11-09 15:49:01 
TT 560 314.1  23.4 316.1  32.0 1.48E-03 002.2 197.9 -32.4 3.504532 2.630265 3.775388 hargrave 2016-11-13 22:04:21 
TT 570 313.4  23.9 315.5  32.6 1.27E-03 002.5 197.1 -32.1 1.598194 4.279044 3.342718 hargrave 2016-11-14 23:56:12 
TT 575 313.8  24.3 315.9  33.0 1.15E-03 002.1 197.4 -31.6 1.276920 3.325196 2.283863 hargrave 2016-11-16 14:31:46 
TT 580 315.2  24.1 317.4  32.7 1.11E-03 002.0 198.9 -31.4 1.370822 3.105067 1.781785 hargrave 2016-11-21 15:04:54 
TT 595 314.9  24.6 317.2  33.2 8.93E-04 004.1 198.4 -31.0 3.253566 5.194534 2.194454 hargrave 2016-11-23 14:09:25 
TT 610 317.6  26.5 320.2  34.9 5.18E-04 001.6 200.3 -28.5 0.921166 0.649862 0.979776 hargrave 2016-11-30 11:31:32 
TT 625 320.1  26.0 322.9  34.2 4.61E-04 004.0 203.0 -28.2 1.617836 2.688968 0.879189 hargrave 2016-12-09 15:17:27 
TT 640 318.0  27.1 320.8  35.5 4.34E-04 002.2 200.6 -27.7 0.743233 0.670074 1.338899 hargrave 2016-12-13 19:06:36 
TT 655 316.5  27.2 319.2  35.6 3.93E-04 007.7 199.1 -28.2 1.210582 5.071773 1.084709 hargrave 2016-12-15 16:48:00 
TT 655 318.9  26.9 321.8  35.2 3.20E-04 002.0 201.5 -27.7 0.451463 0.573957 0.888360 hargrave 2016-12-17 17:12:32 
TT 675 316.8  28.0 319.6  36.4 2.02E-04 001.4 199.1 -27.3 0.274918 0.231176 0.439925 hargrave 2016-12-22 12:36:32 
TT 680 312.5  28.0 314.8  36.7 1.58E-04 001.6 194.9 -28.4 0.216520 0.310151 0.264627 hargrave 2016-12-23 10:02:19 
