GB11- 7a sun compass orientation
  232.8 168.8  89.0  20.7   9.5   1.0
NRM    303.4  23.8 304.6  33.1 4.13E-03 001.9 237.1 -40.1 11.07901 6.497087 4.753436 hargrave 2016-09-01 09:35:47 
LN2    301.5  24.7 302.5  34.1 4.07E-03 003.1 235.1 -41.3 16.68857 13.79917 5.876386 hargrave 2016-09-04 17:06:33 
TT 100 302.0  24.2 303.0  33.5 4.07E-03 001.6 236.0 -41.2 8.024737 4.628458 6.411462 hargrave 2016-09-08 13:19:18 
TT 200 301.4  24.2 302.4  33.6 3.99E-03 002.4 235.6 -41.6 14.07548 6.661993 6.492347 hargrave 2016-09-12 13:11:47 
TT 300 335.3  86.4 090.3  82.6 1.64E-03 065.7 183.5  00.1 15.83868 245.5177 283.4022 hargrave 2016-09-13 14:53:50 
TT 300 298.9  27.4 299.8  36.8 3.87E-03 005.7 230.5 -42.2 27.35913 26.81650 6.475351 hargrave 2016-09-14 13:16:11 
TT 350 301.7  23.1 302.7  32.4 3.73E-03 002.1 237.2 -41.8 10.96476 4.480028 7.405096 hargrave 2016-09-26 17:35:44 
TT 400 300.4  26.0 301.4  35.4 3.58E-03 001.5 233.0 -41.6 5.917589 6.277606 4.609123 hargrave 2016-10-04 11:13:38 
TT 425 303.0  21.0 304.0  30.3 3.46E-03 001.9 240.3 -41.5 6.450513 7.715452 5.817086 hargrave 2016-10-21 12:01:56 
TT 450 301.4  24.3 302.5  33.6 3.39E-03 002.2 235.6 -41.6 7.311200 8.561612 6.170056 hargrave 2016-10-28 12:04:54 
TT 475 301.0  25.2 302.0  34.6 3.16E-03 001.8 234.2 -41.5 5.777608 6.903849 4.758915 hargrave 2016-11-03 12:37:16 
TT 500 302.5  22.4 303.5  31.7 2.99E-03 003.3 238.4 -41.4 15.14710 6.775030 5.064242 hargrave 2016-11-07 12:53:37 
TT 525 302.4  22.9 303.4  32.2 2.74E-03 002.8 237.7 -41.3 9.238026 8.628147 3.973932 hargrave 2016-11-08 20:30:38 
TT 550 303.4  23.1 304.5  32.3 2.45E-03 001.6 238.0 -40.4 4.659386 4.435937 3.154273 hargrave 2016-11-09 15:47:34 
TT 560 303.0  22.2 304.1  31.5 2.08E-03 003.3 238.9 -41.1 10.13828 6.197999 2.219195 hargrave 2016-11-13 22:02:53 
TT 570 303.2  23.2 304.4  32.4 1.49E-03 004.3 237.8 -40.5 7.934614 7.440363 2.762254 hargrave 2016-11-14 23:54:15 
TT 575 303.9  22.9 305.1  32.1 1.28E-03 001.8 238.5 -40.0 2.333811 2.505157 2.039980 hargrave 2016-11-16 14:30:19 
TT 580 302.3  25.7 303.5  35.0 1.25E-03 001.9 234.3 -40.2 2.295361 2.693608 2.178320 hargrave 2016-11-21 15:03:26 
TT 595 303.3  24.8 304.5  34.1 8.92E-04 004.6 235.9 -39.8 5.771805 4.220353 1.125605 hargrave 2016-11-23 14:07:57 
TT 610 303.9  28.1 305.3  37.4 6.06E-04 002.0 232.3 -37.9 1.147974 1.335886 1.325010 hargrave 2016-11-30 11:29:21 
TT 625 304.5  26.0 305.9  35.2 5.67E-04 003.3 235.1 -38.3 2.229570 2.238863 0.861000 hargrave 2016-12-09 15:16:01 
TT 640 304.0  27.7 305.4  37.0 5.29E-04 001.3 232.8 -38.0 0.765051 0.936612 0.593291 hargrave 2016-12-13 19:05:08 
TT 655 301.6  31.7 303.0  41.0 4.81E-04 001.8 227.2 -38.0 1.062408 0.925456 0.565756 hargrave 2016-12-15 16:46:32 
TT 655 304.0  28.6 305.5  37.8 3.58E-04 002.0 231.9 -37.6 0.790125 0.674090 0.707318 hargrave 2016-12-17 17:11:04 
TT 675 305.4  26.6 306.9  35.7 2.36E-04 001.6 234.8 -37.4 0.376748 0.418263 0.376749 hargrave 2016-12-22 12:35:20 
TT 680 302.4  30.4 303.8  39.7 2.00E-04 002.3 229.0 -38.0 0.307684 0.505306 0.532448 hargrave 2016-12-23 10:01:02 
