GB11- 3a sun compass orientation
 232.05 341.6   5.0  20.7   9.5   1.0
NRM    300.7  34.3 302.2  43.6 9.20E-04 002.9 051.9  37.5 2.198302 3.304770 2.545270 hargrave 2016-09-01 09:30:21 
LN2    300.2  34.6 301.6  44.0 9.05E-04 001.5 051.4  37.8 1.108716 1.533564 1.342666 hargrave 2016-09-04 16:48:00 
LN2    299.0  34.8 300.2  44.2 9.05E-04 002.3 050.1  38.1 1.806207 2.680063 1.618565 hargrave 2016-09-04 17:00:57 
TT 100 301.3  34.3 302.8  43.6 9.02E-04 002.5 052.5  37.4 2.810202 2.544953 1.212399 hargrave 2016-09-08 13:14:22 
TT 200 300.6  33.9 302.0  43.3 8.90E-04 003.8 051.7  37.1 4.066349 4.051094 1.378374 hargrave 2016-09-12 13:04:01 
TT 300 251.2 -05.0 251.4  02.4 4.22E-04 061.6 359.6  00.0 0.999310 57.92306 54.54897 hargrave 2016-09-13 14:48:49 
TT 300 300.6  33.4 302.0  42.8 8.60E-04 001.5 051.7  36.6 1.271546 1.502318 1.140312 hargrave 2016-09-14 13:11:23 
TT 350 301.5  33.9 303.0  43.2 8.22E-04 001.9 052.6  37.0 1.854158 1.449268 1.484419 hargrave 2016-09-26 17:30:51 
TT 400 301.4  33.6 302.9  42.9 7.80E-04 003.7 052.6  36.7 2.927296 3.720504 1.789839 hargrave 2016-10-04 11:06:37 
TT 425 300.4  33.2 301.8  42.6 7.60E-04 003.6 051.5  36.4 3.139603 3.472931 1.159684 hargrave 2016-10-21 11:53:02 
TT 450 300.9  33.2 302.3  42.5 7.57E-04 004.2 051.9  36.4 4.366679 3.507810 0.869682 hargrave 2016-10-28 11:58:49 
TT 475 300.7  33.5 302.1  42.8 7.24E-04 002.6 051.8  36.7 2.198504 2.246928 1.243001 hargrave 2016-11-03 12:32:47 
TT 500 301.7  33.2 303.3  42.5 7.11E-04 003.9 052.9  36.3 3.490664 3.321296 0.877748 hargrave 2016-11-07 12:45:52 
TT 525 301.6  33.0 303.1  42.3 7.02E-04 002.3 052.7  36.1 2.226511 1.774648 0.794427 hargrave 2016-11-08 20:25:06 
TT 550 303.3  33.2 305.0  42.5 6.85E-04 002.1 054.5  36.2 2.134479 1.088433 0.897409 hargrave 2016-11-09 15:42:50 
TT 560 304.8  33.3 306.8  42.5 6.63E-04 001.4 056.1  36.2 1.201625 0.840731 0.795829 hargrave 2016-11-13 21:58:13 
TT 570 303.8  33.2 305.6  42.5 6.29E-04 005.0 055.0  36.2 4.020832 3.685510 0.910645 hargrave 2016-11-14 23:31:42 
TT 575 302.6  32.7 304.2  42.0 5.97E-04 001.4 053.7  35.7 1.174799 0.855885 0.595573 hargrave 2016-11-16 14:24:43 
TT 580 300.4  32.7 301.7  42.1 5.92E-04 004.5 051.4  36.0 3.616177 3.014475 0.634105 hargrave 2016-11-21 14:58:46 
TT 595 301.4  33.1 302.9  42.4 4.70E-04 002.4 052.5  36.2 0.821233 1.555727 1.000538 hargrave 2016-11-23 14:03:21 
TT 610 303.1  33.8 304.8  43.1 3.41E-04 001.9 054.3  36.9 0.553645 0.912455 0.483626 hargrave 2016-11-30 11:21:13 
TT 625 304.5  34.0 306.4  43.2 2.91E-04 001.7 055.8  36.9 0.437002 0.643728 0.414685 hargrave 2016-12-09 15:11:27 
TT 640 302.0  34.6 303.6  43.9 1.69E-04 002.4 053.3  37.7 0.362314 0.564239 0.267254 hargrave 2016-12-13 19:00:27 
TT 655 299.1  35.6 300.4  45.0 1.20E-04 002.2 050.4  38.9 0.352425 0.224002 0.260530 hargrave 2016-12-15 16:42:05 
TT 655 299.0  36.6 300.3  46.0 7.93E-05 001.9 050.4  39.9 0.182526 0.149495 0.137335 hargrave 2016-12-17 17:06:39 
TT 675 300.5  36.6 302.0  46.0 4.41E-05 004.0 051.9  39.8 0.265273 0.154803 0.095694 hargrave 2016-12-22 12:31:46 
TT 680 301.2  38.4 303.0  47.7 3.62E-05 002.0 052.9  41.5 0.089616 0.069577 0.058567 hargrave 2016-12-23 09:57:19 
