GB11- 5a sun compass orientation
  233.1  80.7  11.0  20.7   9.5   1.0
NRM    176.9  25.0 173.2  20.9 7.20E-04 002.8 185.8  14.1 0.849384 2.424981 2.418174 hargrave 2016-09-01 09:33:55 
LN2    177.3  24.9 173.7  20.9 7.07E-04 001.4 186.2  14.0 0.595004 1.584996 0.621092 hargrave 2016-09-04 17:04:37 
TT 100 178.4  24.7 174.8  20.8 7.06E-04 001.6 187.2  13.8 0.437946 1.605320 1.030043 hargrave 2016-09-08 13:18:08 
TT 200 178.8  24.2 175.2  20.4 7.04E-04 003.0 187.6  13.3 0.730730 3.584558 0.711201 hargrave 2016-09-12 13:09:55 
TT 300 170.7  11.0 169.5  06.1 6.63E-04 014.3 180.0 -00.0 0.425792 6.428056 15.65778 hargrave 2016-09-13 14:52:15 
TT 300 178.0  23.8 174.5  19.9 6.85E-04 001.2 186.9  12.9 0.475536 1.262703 0.733501 hargrave 2016-09-14 13:14:42 
TT 350 176.1  23.6 172.7  19.4 6.51E-04 000.9 185.1  12.7 0.634862 0.566574 0.847088 hargrave 2016-09-26 17:34:11 
TT 400 177.6  24.0 174.1  20.0 6.20E-04 003.6 186.5  13.1 0.952406 3.690135 0.908971 hargrave 2016-10-04 11:11:44 
TT 425 178.6  23.8 175.1  19.9 5.99E-04 001.6 187.4  12.9 0.568984 1.522989 0.691529 hargrave 2016-10-21 12:00:00 
TT 450 176.4  23.7 173.0  19.5 5.88E-04 001.1 185.3  12.7 0.217922 0.840346 0.727781 hargrave 2016-10-28 12:02:56 
TT 475 178.8  23.2 175.4  19.3 5.61E-04 001.4 187.7  12.3 0.421373 1.219821 0.584986 hargrave 2016-11-03 12:35:49 
TT 500 179.4  23.3 175.9  19.6 5.48E-04 001.2 188.1  12.5 0.292770 1.041957 0.575785 hargrave 2016-11-07 12:51:44 
TT 525 179.2  23.3 175.7  19.6 5.33E-04 001.0 187.9  12.4 0.211935 0.741479 0.584133 hargrave 2016-11-08 20:29:09 
TT 550 177.7  23.4 174.3  19.4 5.19E-04 002.4 186.6  12.5 0.331568 2.072350 0.547194 hargrave 2016-11-09 15:46:03 
TT 560 180.3  22.9 176.9  19.3 5.03E-04 001.4 189.1  12.1 0.364961 1.107023 0.509133 hargrave 2016-11-13 22:01:24 
TT 570 179.0  23.0 175.6  19.2 4.77E-04 002.5 187.8  12.1 0.535130 2.001141 0.537245 hargrave 2016-11-14 23:37:37 
TT 575 176.5  23.1 173.2  18.9 4.64E-04 001.0 185.5  12.1 0.189229 0.568944 0.515943 hargrave 2016-11-16 14:28:49 
TT 580 178.6  22.9 175.3  19.1 4.64E-04 000.9 187.4  12.0 0.260644 0.428946 0.558946 hargrave 2016-11-21 15:01:57 
TT 595 176.0  23.1 172.7  18.9 4.09E-04 002.2 185.0  12.2 0.349957 1.425802 0.603592 hargrave 2016-11-23 14:06:29 
TT 610 178.7  23.3 175.3  19.5 3.28E-04 001.9 187.5  12.4 0.186002 1.018159 0.399266 hargrave 2016-11-30 11:25:29 
TT 625 178.8  23.6 175.3  19.8 3.03E-04 001.7 187.6  12.7 0.158196 0.797038 0.331726 hargrave 2016-12-09 15:14:35 
TT 640 179.8  25.7 176.0  22.0 1.99E-04 001.2 188.5  14.8 0.146032 0.196437 0.348908 hargrave 2016-12-13 19:03:38 
TT 655 175.8  27.0 171.9  22.7 1.60E-04 001.7 184.8  16.1 0.136853 0.391761 0.260801 hargrave 2016-12-15 16:45:07 
TT 655 185.2  28.1 180.6  25.2 1.24E-04 001.3 193.4  17.4 0.133103 0.169807 0.181071 hargrave 2016-12-17 17:09:36 
TT 675 183.1  29.8 178.3  26.5 1.03E-04 005.5 191.4  19.0 0.191228 0.879977 0.455760 hargrave 2016-12-22 12:34:11 
TT 680 176.7  29.3 172.3  25.1 9.49E-05 001.4 185.5  18.3 0.180501 0.112742 0.166829 hargrave 2016-12-23 09:59:45 
