GB11- 9a sun compass orientation
  232.5  38.6  13.0  20.7   9.5   1.0
NRM    299.6  30.8 300.7  40.2 3.09E-03 003.0 349.2  43.6 9.888381 5.643027 12.11901 hargrave 2016-09-01 09:39:29 
LN2    298.8  30.6 299.8  39.9 3.03E-03 001.6 348.4  43.3 5.510987 4.215403 5.252374 hargrave 2016-09-04 17:10:17 
TT 100 300.1  30.1 301.3  39.5 3.02E-03 001.3 350.0  42.9 4.406819 4.265295 3.978318 hargrave 2016-09-08 13:21:44 
TT 200 300.2  28.9 301.2  38.2 2.96E-03 003.9 350.1  41.7 7.876836 18.04083 4.621697 hargrave 2016-09-12 13:15:43 
TT 300 308.1 -13.0 307.7 -04.0 2.14E-03 043.7 359.5 -00.0 4.288001 41.24351 200.4669 hargrave 2016-09-13 14:56:55 
TT 300 300.0  28.7 301.1  38.1 2.88E-03 003.7 349.9  41.6 7.488839 16.73177 5.071119 hargrave 2016-09-14 13:19:12 
TT 350 298.8  29.1 299.8  38.5 2.76E-03 003.7 348.5  41.8 6.905385 15.48268 5.705488 hargrave 2016-09-26 17:38:55 
TT 400 301.2  28.5 302.4  37.8 2.61E-03 003.0 351.3  41.3 7.884129 10.20828 6.074662 hargrave 2016-10-04 11:17:38 
TT 425 299.7  28.4 300.7  37.8 2.52E-03 001.4 349.6  41.2 4.759372 3.941347 3.164110 hargrave 2016-10-21 12:05:59 
TT 450 301.9  28.6 303.2  37.9 2.48E-03 002.3 352.1  41.5 4.212718 8.797573 2.503100 hargrave 2016-10-28 12:08:31 
TT 475 297.4  29.0 298.2  38.4 2.35E-03 001.4 346.9  41.7 3.569840 3.402242 3.381659 hargrave 2016-11-03 12:41:03 
TT 500 299.4  29.2 300.4  38.5 2.26E-03 002.4 349.2  42.0 4.521033 8.279536 2.152880 hargrave 2016-11-07 12:57:33 
TT 525 298.8  29.6 299.8  39.0 2.15E-03 001.6 348.4  42.4 3.369036 4.657696 2.308505 hargrave 2016-11-08 20:33:34 
TT 550 299.6  30.1 300.7  39.5 1.95E-03 003.3 349.4  43.0 2.582482 10.76962 2.237182 hargrave 2016-11-09 15:50:29 
TT 560 300.6  30.7 301.9  40.1 1.72E-03 002.1 350.5  43.6 2.421053 5.446033 2.160531 hargrave 2016-11-13 22:05:49 
TT 570 297.5  31.7 298.4  41.1 1.47E-03 002.0 346.8  44.4 2.096824 4.471143 1.938702 hargrave 2016-11-14 23:58:10 
TT 575 298.6  32.1 299.6  41.5 1.35E-03 001.5 348.0  44.9 1.981618 2.195810 1.946435 hargrave 2016-11-16 14:33:16 
TT 580 300.2  32.2 301.5  41.6 1.28E-03 001.3 349.9  45.1 1.895546 1.992626 1.172730 hargrave 2016-11-21 15:06:23 
TT 595 300.4  33.2 301.7  42.5 1.15E-03 003.0 350.1  46.0 1.862626 5.590201 1.686236 hargrave 2016-11-23 14:10:54 
TT 610 302.4  34.6 304.0  43.8 9.58E-04 001.7 352.4  47.5 1.824304 2.140602 0.981580 hargrave 2016-11-30 11:33:41 
TT 625 300.8  34.5 302.3  43.9 9.28E-04 002.3 350.5  47.4 1.606378 3.267366 0.814380 hargrave 2016-12-09 15:18:57 
TT 640 300.9  34.7 302.4  44.1 9.07E-04 002.5 350.6  47.6 2.641651 2.524583 1.576268 hargrave 2016-12-13 19:08:02 
TT 655 298.5  35.1 299.7  44.5 8.29E-04 001.8 347.7  47.8 1.848177 1.282009 1.322164 hargrave 2016-12-15 16:49:28 
TT 655 298.2  35.1 299.3  44.5 7.25E-04 001.8 347.3  47.8 1.417554 1.571764 1.020807 hargrave 2016-12-17 17:14:06 
TT 675 297.6  35.4 298.6  44.8 5.39E-04 001.8 346.5  48.1 1.007265 1.117235 0.793122 hargrave 2016-12-22 12:37:41 
TT 680 299.8  35.4 301.2  44.7 3.84E-04 002.0 349.3  48.2 0.747182 1.084416 0.318849 hargrave 2016-12-23 10:03:32 
