GB11- 1a sun compass orientation
  231.7 242.4  25.0  20.7   9.5   1.0
NRM    296.5  34.0 297.3  43.4 5.06E-04 001.4 150.0  12.9 0.756596 1.015187 0.376382 hargrave 2016-09-01 09:27:02 
LN2    298.9  34.7 300.1  44.1 4.90E-04 002.0 152.2  13.1 0.269346 0.706610 1.524784 hargrave 2016-09-04 16:45:09 
LN2    296.3  34.1 297.1  43.6 4.90E-04 002.6 150.0  13.1 1.196852 1.168465 1.474396 hargrave 2016-09-04 16:56:42 
TT 100 298.3  34.7 299.4  44.1 4.88E-04 002.6 151.8  13.2 0.800633 0.411435 2.054228 hargrave 2016-09-08 13:11:47 
TT 200 299.2  34.5 300.5  43.9 4.85E-04 001.7 152.5  12.8 0.262421 0.428533 1.328951 hargrave 2016-09-12 13:00:25 
TT 300 332.7  24.9 336.3  31.8 3.93E-04 033.9 180.3 -00.1 0.250947 24.61357 9.523466 hargrave 2016-09-13 14:43:03 
TT 300 297.7  34.2 298.7  43.6 4.67E-04 002.4 151.1  12.8 0.626004 1.482508 1.137552 hargrave 2016-09-14 13:05:52 
TT 350 296.2  33.3 297.0  42.8 4.46E-04 003.7 149.7  12.3 1.471252 2.113767 1.374997 hargrave 2016-09-26 17:25:02 
TT 400 298.1  33.7 299.1  43.1 4.18E-04 004.5 151.3  12.2 1.593801 2.731206 0.946858 hargrave 2016-10-04 11:02:13 
TT 425 297.4  33.8 298.4  43.2 4.05E-04 003.1 150.8  12.5 0.995433 1.814107 0.688812 hargrave 2016-10-21 11:49:21 
TT 450 301.6  34.0 303.1  43.4 4.03E-04 002.7 154.3  11.9 1.079455 1.161222 1.042013 hargrave 2016-10-28 11:52:03 
TT 475 298.3  32.8 299.3  42.2 3.85E-04 003.7 151.3  11.4 1.106186 1.964078 1.052959 hargrave 2016-11-03 12:27:09 
TT 500 300.8  33.3 302.2  42.6 3.79E-04 003.5 153.5  11.3 1.252056 1.743629 0.955633 hargrave 2016-11-07 12:42:15 
TT 525 299.3  33.1 300.5  42.5 3.81E-04 001.9 152.2  11.5 0.641696 0.640648 0.925215 hargrave 2016-11-08 20:19:37 
TT 550 302.0  33.7 303.5  43.0 3.71E-04 001.5 154.5  11.5 0.310122 0.366694 0.872691 hargrave 2016-11-09 15:37:14 
TT 560 302.3  33.5 304.0  42.8 3.50E-04 001.9 154.8  11.3 0.567785 0.745490 0.749352 hargrave 2016-11-13 21:51:51 
TT 570 302.0  33.8 303.5  43.0 3.37E-04 004.6 154.5  11.6 1.292860 2.364266 0.429230 hargrave 2016-11-14 23:27:20 
TT 575 299.9  33.5 301.2  42.9 3.09E-04 001.9 152.8  11.7 0.470462 0.549950 0.730035 hargrave 2016-11-16 14:19:19 
TT 580 299.2  33.3 300.4  42.7 3.02E-04 003.6 152.1  11.7 0.979760 1.489720 0.722195 hargrave 2016-11-21 14:53:13 
TT 595 300.6  34.2 302.1  43.6 2.35E-04 002.3 153.6  12.3 0.350508 0.762667 0.479024 hargrave 2016-11-23 13:56:39 
TT 610 306.2  36.0 308.5  45.1 1.85E-04 001.7 158.5  13.0 0.273395 0.314037 0.452105 hargrave 2016-11-30 11:13:09 
TT 625 300.1  35.1 301.4  44.4 1.55E-04 004.5 153.3  13.2 0.618389 1.000797 0.374340 hargrave 2016-12-09 15:05:34 
TT 640 304.3  36.3 306.4  45.4 1.27E-04 005.7 157.0  13.6 0.542050 1.121374 0.218431 hargrave 2016-12-13 18:54:50 
TT 655 303.3  36.6 305.2  45.8 1.05E-04 001.2 156.2  14.1 0.041995 0.118084 0.187273 hargrave 2016-12-15 16:36:22 
TT 655 302.8  37.2 304.8  46.4 8.71E-05 004.6 156.0  14.8 0.350830 0.571336 0.252180 hargrave 2016-12-17 17:03:28 
TT 675 310.2  38.0 313.3  46.9 4.97E-05 002.7 162.1  14.5 0.138223 0.152759 0.139411 hargrave 2016-12-22 12:27:38 
TT 680 299.8  37.1 301.3  46.4 4.13E-05 003.4 153.6  15.2 0.115050 0.169690 0.145365 hargrave 2016-12-23 09:54:41 
