GB15- 1a mag compass orientation (IGRF corrected)
  243.5 229.5  11.0  20.7   9.5   1.0
NRM    304.2  37.6 306.4  46.8 8.40E-04 002.9 166.4  26.9 0.889071 3.946742 1.532847 hargrave 2016-09-01 10:26:07 
LN2    305.2  37.7 307.5  46.9 8.28E-04 001.6 167.3  27.0 1.245255 1.281189 1.593126 hargrave 2016-09-04 17:56:35 
TT 100 298.6  37.6 299.8  47.0 8.21E-04 004.6 161.4  27.2 2.833800 5.699523 1.593267 hargrave 2016-11-16 15:12:19 
TT 200 304.6  37.5 306.8  46.7 8.18E-04 003.6 166.7  26.8 1.904494 4.579463 1.537458 hargrave 2016-11-21 15:48:46 
TT 300 305.6  37.1 307.9  46.3 7.86E-04 001.9 167.6  26.4 1.117756 2.172197 1.151193 hargrave 2016-12-09 22:29:39 
TT 350 300.2  36.7 301.7  46.0 7.39E-04 003.3 162.8  26.2 1.762371 3.736237 1.331303 hargrave 2016-12-16 11:11:44 
TT 400 304.3  36.7 306.4  45.9 7.28E-04 005.3 166.4  26.1 1.697345 6.546215 0.906753 hargrave 2017-01-05 11:34:22 
TT 425 304.6  36.7 306.8  45.9 6.85E-04 003.6 166.7  26.0 0.848859 4.103743 1.139925 hargrave 2017-01-06 15:07:40 
TT 450 306.3  36.7 308.7  45.8 6.57E-04 003.7 168.2  26.0 0.859201 4.149463 0.795720 hargrave 2017-01-09 16:10:22 
TT 475 303.3  36.6 305.2  45.8 6.20E-04 003.6 165.6  25.9 0.822424 3.735642 0.940012 hargrave 2017-01-10 16:17:37 
TT 500 305.1  36.7 307.4  45.9 5.66E-04 002.1 167.2  26.0 0.483974 1.787621 0.935749 hargrave 2017-01-11 18:57:29 
TT 525 306.7  37.0 309.2  46.0 4.74E-04 003.6 168.6  26.2 1.172265 2.436604 1.230788 hargrave 2017-01-15 18:17:24 
TT 550 306.9  36.6 309.4  45.6 3.56E-04 002.7 168.8  25.8 0.800220 1.253829 0.873452 hargrave 2017-01-18 13:57:01 
TT 560 307.7  36.6 310.3  45.7 2.98E-04 002.2 169.5  25.8 0.586951 0.718566 0.737454 hargrave 2017-01-19 00:27:46 
TT 570 305.2  36.4 307.4  45.6 2.57E-04 002.9 167.2  25.7 0.569607 0.998266 0.629731 hargrave 2017-01-19 15:24:08 
TT 575 307.1  36.5 309.6  45.6 2.33E-04 002.3 169.0  25.7 0.424516 0.658966 0.513611 hargrave 2017-01-20 13:15:46 
TT 580 306.8  36.4 309.3  45.5 2.17E-04 002.0 168.7  25.7 0.406054 0.327610 0.579125 hargrave 2017-01-22 12:45:29 
TT 595 307.4  36.4 310.0  45.5 2.14E-04 002.1 169.2  25.6 0.301870 0.514629 0.546167 hargrave 2017-02-01 15:41:36 
TT 610 303.9  36.2 305.9  45.5 1.69E-04 002.1 166.1  25.6 0.216299 0.438858 0.404249 hargrave 2017-02-02 14:36:24 
TT 625 303.9  36.4 305.9  45.6 1.18E-04 002.1 166.1  25.8 0.168592 0.276716 0.299430 hargrave 2017-02-06 13:35:04 
TT 640 307.2  36.4 309.7  45.4 8.51E-05 001.8 169.1  25.6 0.111967 0.100173 0.231177 hargrave 2017-02-08 11:55:07 
TT 655 303.3  36.7 305.3  45.9 4.68E-05 003.2 165.6  26.0 0.047394 0.230146 0.124860 hargrave 2017-02-08 21:20:46 
TT 665 303.8  36.0 305.8  45.2 3.02E-05 001.6 166.0  25.4 0.051585 0.050237 0.085504 hargrave 2017-02-09 14:34:58 
TT 675 304.4  37.9 306.7  47.1 2.55E-05 002.6 166.7  27.2 0.033007 0.104887 0.053065 hargrave 2017-02-13 17:05:56 
TT 680 305.3  36.6 307.5  45.8 1.42E-05 002.0 167.3  25.9 0.032624 0.042477 0.025561 hargrave 2017-02-14 21:49:00 
