GB15- 8a sun compass orientation
 243.55 268.3   8.0  20.7   9.5   1.0
NRM    298.1  35.7 299.2  45.1 6.97E-04 002.2 124.3  31.4 2.200128 1.302674 0.741792 hargrave 2016-09-01 10:36:42 
LN2    296.9  36.0 297.9  45.4 6.88E-04 002.2 123.2  31.8 1.698912 1.759927 1.147041 hargrave 2016-09-04 18:07:10 
TT 100 300.6  36.6 302.2  45.9 6.86E-04 001.9 126.8  32.1 1.457979 1.498967 1.041137 hargrave 2016-11-16 15:46:10 
TT 200 297.1  35.5 298.1  45.0 6.81E-04 001.3 123.4  31.4 0.976335 0.875237 0.881856 hargrave 2016-11-21 16:03:01 
TT 300 297.1  35.7 298.0  45.2 6.65E-04 002.8 123.3  31.6 2.776954 1.303276 1.165175 hargrave 2016-12-09 22:43:17 
TT 350 294.6  34.8 295.2  44.3 6.36E-04 001.5 120.9  31.0 1.006256 1.008883 0.950888 hargrave 2016-12-16 11:26:08 
TT 400 299.1  34.5 300.3  43.9 6.16E-04 001.4 125.1  30.1 0.933312 0.854486 0.844482 hargrave 2017-01-05 11:47:07 
TT 425 298.9  34.7 300.1  44.1 6.02E-04 001.5 124.9  30.4 1.022403 0.805534 0.871443 hargrave 2017-01-06 15:21:39 
TT 450 299.5  34.6 300.8  44.0 5.91E-04 001.2 125.5  30.2 0.823055 0.533886 0.742077 hargrave 2017-01-09 16:24:19 
TT 475 297.0  34.4 298.0  43.8 5.74E-04 001.4 123.1  30.3 0.935109 0.816260 0.750085 hargrave 2017-01-10 16:29:57 
TT 500 298.4  34.4 299.5  43.8 5.46E-04 001.5 124.4  30.2 1.061035 0.723567 0.671497 hargrave 2017-01-11 19:09:47 
TT 525 296.5  35.3 297.4  44.7 4.89E-04 002.6 122.7  31.2 1.923504 0.687034 1.012951 hargrave 2017-01-15 18:31:20 
TT 550 299.4  35.6 300.7  45.0 4.06E-04 001.8 125.5  31.2 0.858004 0.401025 0.943542 hargrave 2017-01-18 14:10:17 
TT 560 300.8  35.8 302.3  45.1 3.68E-04 001.6 126.9  31.3 0.538463 0.481602 0.788138 hargrave 2017-01-19 00:41:37 
TT 570 298.5  35.5 299.7  44.9 3.22E-04 002.2 124.7  31.2 0.961314 0.313738 0.713055 hargrave 2017-01-19 15:37:25 
TT 575 298.5  35.4 299.7  44.8 3.05E-04 002.0 124.6  31.1 0.858218 0.458371 0.446012 hargrave 2017-01-20 13:29:38 
TT 580 298.3  35.5 299.5  44.9 2.86E-04 001.8 124.5  31.2 0.620693 0.299366 0.601601 hargrave 2017-01-22 12:59:20 
TT 595 298.2  35.8 299.3  45.2 2.29E-04 003.7 124.4  31.6 0.931335 0.994753 0.570977 hargrave 2017-02-01 15:52:45 
TT 610 296.8  35.4 297.8  44.9 1.85E-04 002.0 123.1  31.3 0.293718 0.401059 0.446967 hargrave 2017-02-02 14:47:29 
TT 625 296.6  35.3 297.4  44.7 1.37E-04 002.1 122.8  31.2 0.259441 0.299957 0.324334 hargrave 2017-02-06 13:44:53 
TT 640 300.5  35.1 302.0  44.5 9.99E-05 003.1 126.5  30.6 0.396794 0.355047 0.218375 hargrave 2017-02-08 12:06:18 
TT 655 297.6  35.1 298.7  44.6 5.27E-05 002.9 123.8  31.0 0.237591 0.125199 0.106068 hargrave 2017-02-08 21:32:06 
TT 665 297.5  36.9 298.6  46.3 2.58E-05 003.3 124.0  32.7 0.103504 0.090080 0.060180 hargrave 2017-02-09 14:44:13 
TT 675 299.1  35.0 300.3  44.4 1.55E-05 005.4 125.1  30.6 0.109817 0.098495 0.024077 hargrave 2017-02-13 17:19:34 
TT 680 300.7  37.3 302.3  46.6 8.60E-06 006.6 127.0  32.7 0.074734 0.066709 0.019045 hargrave 2017-02-14 22:02:22 
