GB15- 5a sun compass orientation
 243.25 138.0  26.0  20.7   9.5   1.0
NRM    301.4  37.3 303.1  46.7 2.02E-03 001.1 238.3  26.5 2.456031 2.795069 2.058709 hargrave 2016-09-01 10:32:09 
LN2    298.3  38.1 299.5  47.5 2.00E-03 002.7 235.5  26.0 7.678975 5.130613 2.501441 hargrave 2016-09-04 18:02:39 
TT 100 306.4  34.8 308.7  43.9 1.99E-03 004.5 243.6  26.2 13.65803 7.307295 3.021973 hargrave 2016-11-16 15:18:38 
TT 200 301.3  36.8 303.0  46.1 1.98E-03 001.7 238.6  26.0 3.315071 3.276203 3.451544 hargrave 2016-11-21 15:57:25 
TT 300 299.7  37.1 301.1  46.5 1.95E-03 002.4 237.1  25.6 5.222458 5.088389 3.568897 hargrave 2016-12-09 22:38:24 
TT 350 300.3  37.3 301.9  46.7 1.85E-03 006.4 237.5  26.1 16.88865 11.47005 3.656780 hargrave 2016-12-16 11:20:38 
TT 400 298.9  38.3 300.3  47.7 1.83E-03 003.1 235.9  26.4 7.166820 6.478200 2.978549 hargrave 2017-01-05 11:42:29 
TT 425 303.0  35.5 304.9  44.8 1.78E-03 003.8 240.6  25.5 10.25652 6.109010 2.123417 hargrave 2017-01-06 15:16:43 
TT 450 301.6  36.9 303.3  46.2 1.75E-03 002.0 238.7  26.2 4.449028 3.861935 1.820818 hargrave 2017-01-09 16:18:29 
TT 475 300.4  37.4 301.9  46.8 1.71E-03 001.6 237.5  26.2 3.302427 3.471960 1.665973 hargrave 2017-01-10 16:25:27 
TT 500 301.1  36.9 302.7  46.2 1.62E-03 002.3 238.3  26.0 5.018805 3.786492 1.817540 hargrave 2017-01-11 19:05:45 
TT 525 300.4  36.1 301.9  45.5 1.48E-03 003.0 238.2  25.0 5.767212 4.974221 2.243386 hargrave 2017-01-15 18:26:22 
TT 550 300.4  36.1 301.9  45.5 1.24E-03 001.6 238.2  25.0 1.593835 2.416456 2.224952 hargrave 2017-01-18 14:05:46 
TT 560 301.6  35.9 303.3  45.2 1.13E-03 001.4 239.3  25.2 1.242164 1.700799 1.905359 hargrave 2017-01-19 00:36:42 
TT 570 302.4  35.5 304.2  44.8 9.89E-04 001.7 240.1  25.2 1.505286 2.018727 1.757194 hargrave 2017-01-19 15:32:50 
TT 575 301.8  35.9 303.4  45.2 9.34E-04 004.1 239.3  25.3 5.165563 3.915392 1.577989 hargrave 2017-01-20 13:24:53 
TT 580 300.3  36.4 301.8  45.8 8.82E-04 001.9 237.9  25.2 1.410754 1.988737 1.608882 hargrave 2017-01-22 12:54:26 
TT 595 303.2  35.0 305.0  44.3 8.12E-04 001.7 240.9  25.1 1.793909 1.219058 1.272330 hargrave 2017-02-01 15:48:16 
TT 610 299.6  36.5 301.0  45.8 6.52E-04 003.4 237.4  25.0 3.321778 1.693855 1.129567 hargrave 2017-02-02 14:42:59 
TT 625 299.5  36.5 300.9  45.8 4.72E-04 002.1 237.3  25.0 1.448481 0.752574 0.813126 hargrave 2017-02-06 13:41:13 
TT 640 304.3  34.0 306.2  43.2 3.60E-04 003.4 242.4  24.6 1.915655 0.917812 0.460142 hargrave 2017-02-08 12:02:12 
TT 655 302.1  35.1 303.7  44.4 2.08E-04 002.7 240.0  24.7 0.839074 0.458753 0.317881 hargrave 2017-02-08 21:27:56 
TT 665 301.1  34.7 302.6  44.1 1.34E-04 002.5 239.4  24.0 0.580612 0.206215 0.181784 hargrave 2017-02-09 14:39:50 
TT 675 299.0  36.1 300.3  45.4 1.07E-04 001.8 237.1  24.4 0.264423 0.167918 0.158860 hargrave 2017-02-13 17:14:30 
TT 680 302.4  34.0 304.1  43.3 7.69E-05 002.5 240.8  23.9 0.287923 0.152078 0.098522 hargrave 2017-02-14 21:57:26 
