GB15- 2a sun compass orientation
  243.9 161.3  11.0  20.7   9.5   1.0
NRM    274.0  35.8 271.6  44.9 1.09E-03 004.5 200.3  25.6 4.066990 5.972478 4.709992 hargrave 2016-09-01 10:27:41 
LN2    272.5  35.6 269.8  44.6 1.08E-03 002.7 198.9  25.3 1.947889 4.562960 1.639169 hargrave 2016-09-04 17:58:13 
TT 100 277.5  34.9 275.6  44.2 1.07E-03 003.2 203.6  24.9 2.473888 5.330552 1.399084 hargrave 2016-11-16 15:13:59 
TT 200 274.9  35.2 272.6  44.3 1.06E-03 005.4 201.1  25.0 3.743658 9.261340 1.700808 hargrave 2016-11-21 15:52:43 
TT 300 278.1  35.1 276.2  44.3 1.04E-03 001.2 204.0  25.1 0.771676 1.593841 1.296352 hargrave 2016-12-09 22:31:23 
TT 350 272.3  35.1 269.6  44.1 9.91E-04 004.3 198.8  24.8 2.606635 6.779017 1.903511 hargrave 2016-12-16 11:13:17 
TT 400 272.9  35.2 270.3  44.2 9.86E-04 003.5 199.4  24.9 2.625824 4.786178 2.762077 hargrave 2017-01-05 11:35:57 
TT 425 270.5  35.2 267.6  44.0 9.42E-04 003.8 197.2  24.8 3.051806 3.887235 4.031899 hargrave 2017-01-06 15:09:24 
TT 450 275.1  35.0 272.8  44.1 9.18E-04 005.2 201.3  24.9 3.931204 6.429090 3.537363 hargrave 2017-01-09 16:12:06 
TT 475 271.0  35.1 268.1  44.0 8.87E-04 003.1 197.6  24.7 2.167507 2.233568 3.704535 hargrave 2017-01-10 16:19:08 
TT 500 273.6  34.9 271.2  44.0 8.36E-04 004.1 200.1  24.7 2.929339 3.700728 3.837195 hargrave 2017-01-11 18:59:41 
TT 525 273.3  35.0 270.8  44.0 7.50E-04 003.4 199.7  24.7 1.300549 4.134123 1.009716 hargrave 2017-01-15 18:19:07 
TT 550 274.2  34.8 271.9  43.9 6.15E-04 001.8 200.6  24.6 0.657688 1.730788 0.825307 hargrave 2017-01-18 13:58:33 
TT 560 273.0  34.8 270.4  43.8 5.41E-04 003.6 199.5  24.5 0.981195 3.270557 0.687293 hargrave 2017-01-19 00:29:30 
TT 570 274.9  34.8 272.6  43.8 4.79E-04 002.8 201.2  24.6 0.701186 2.215413 0.655448 hargrave 2017-01-19 15:25:40 
TT 575 273.3  34.8 270.8  43.8 4.45E-04 005.4 199.8  24.5 1.365640 3.892198 0.733048 hargrave 2017-01-20 13:17:47 
TT 580 273.7  34.6 271.3  43.7 4.23E-04 002.4 200.1  24.4 0.494530 1.673081 0.559899 hargrave 2017-01-22 12:47:12 
TT 595 275.6  34.5 273.4  43.6 4.16E-04 001.6 201.8  24.4 0.423877 0.970002 0.564170 hargrave 2017-02-01 15:43:07 
TT 610 273.4  34.4 271.0  43.4 3.51E-04 001.1 199.9  24.1 0.376836 0.412782 0.435410 hargrave 2017-02-02 14:37:55 
TT 625 274.6  34.3 272.4  43.4 2.73E-04 001.3 201.0  24.1 0.307986 0.493272 0.303587 hargrave 2017-02-06 13:36:21 
TT 640 276.5  34.0 274.6  43.2 2.13E-04 001.0 202.8  23.9 0.251240 0.278410 0.225271 hargrave 2017-02-08 11:56:21 
TT 655 274.8  34.2 272.5  43.3 1.10E-04 001.9 201.1  24.0 0.252215 0.272733 0.120602 hargrave 2017-02-08 21:22:37 
TT 665 272.1  34.6 269.5  43.5 5.80E-05 001.2 198.7  24.2 0.120791 0.071815 0.074075 hargrave 2017-02-09 14:36:17 
TT 675 274.2  34.6 271.8  43.7 4.27E-05 003.3 200.5  24.4 0.105067 0.216004 0.058027 hargrave 2017-02-13 17:07:27 
TT 680 276.2  33.5 274.2  42.6 1.77E-05 003.7 202.5  23.4 0.059781 0.103153 0.022694 hargrave 2017-02-14 21:50:31 
