GB2- 8a mag compass orientation (IGRF corrected)
   15.3 165.5  67.0  20.7   9.5   1.0
NRM    288.0  43.7 287.5  53.2 6.22E-04 001.7 204.0 -17.0 0.636876 0.820859 1.598512 hargrave 2016-08-17 16:44:21 
NRM    288.1  43.5 287.6  53.0 6.22E-04 001.8 204.1 -17.0 0.694212 0.749372 1.682807 hargrave 2016-08-17 19:38:40 
LN2    293.6  40.9 294.2  50.4 6.01E-04 002.3 209.2 -16.9 1.146822 0.775997 2.009045 hargrave 2016-08-19 18:26:53 
TT 100 291.0  41.7 291.1  51.2 5.95E-04 001.6 207.1 -17.4 0.614400 0.637762 1.430961 hargrave 2016-08-26 13:47:38 
TT 200 293.5  39.7 294.0  49.2 5.85E-04 003.7 209.9 -18.0 2.098948 2.776956 1.397200 hargrave 2016-08-31 17:48:53 
TT 300 291.0  41.4 291.1  50.9 5.57E-04 001.9 207.2 -17.7 0.524891 1.158380 1.414795 hargrave 2016-09-01 15:19:06 
TT 350 290.5  41.9 290.5  51.4 5.21E-04 001.6 206.6 -17.5 0.665184 0.597339 1.177074 hargrave 2016-09-02 14:41:27 
TT 400 287.8  42.6 287.2  52.1 4.91E-04 001.1 204.4 -17.9 0.347737 0.296332 0.885495 hargrave 2016-09-08 10:42:26 
TT 425 292.7  40.3 293.1  49.8 4.69E-04 003.3 209.0 -17.8 2.340415 1.695493 0.582426 hargrave 2016-09-08 16:52:17 
TT 450 290.8  41.1 290.8  50.6 4.65E-04 000.9 207.2 -18.0 0.273734 0.241602 0.666133 hargrave 2016-09-12 10:44:12 
TT 475 293.5  39.8 294.0  49.3 4.52E-04 001.8 209.8 -17.9 0.724257 1.180059 0.515891 hargrave 2016-09-12 21:30:57 
TT 500 293.1  39.3 293.5  48.8 4.36E-04 001.0 209.8 -18.5 0.219977 0.431010 0.572279 hargrave 2016-09-15 11:28:28 
TT 525 291.9  39.9 292.1  49.4 4.06E-04 001.5 208.7 -18.5 0.603402 0.611561 0.652341 hargrave 2016-09-19 17:41:44 
TT 550 291.0  40.2 291.0  49.7 3.57E-04 001.1 207.9 -18.7 0.290409 0.413647 0.514625 hargrave 2016-09-22 16:40:42 
TT 560 290.6  40.4 290.6  49.9 3.32E-04 001.6 207.6 -18.7 0.322969 0.755437 0.506243 hargrave 2016-09-29 10:19:46 
TT 570 291.7  39.9 291.9  49.4 3.17E-04 001.9 208.6 -18.6 0.321786 0.834165 0.556550 hargrave 2016-10-03 17:20:49 
TT 575 290.8  40.4 290.8  49.9 3.07E-04 001.6 207.7 -18.6 0.297696 0.626437 0.486178 hargrave 2016-10-08 13:54:54 
TT 580 293.7  39.1 294.2  48.5 3.00E-04 001.3 210.4 -18.4 0.366204 0.453084 0.448133 hargrave 2016-10-20 11:56:43 
TT 595 294.7  38.4 295.4  47.9 2.77E-04 001.3 211.5 -18.4 0.270236 0.354614 0.492647 hargrave 2016-10-24 23:59:14 
TT 610 290.6  40.7 290.6  50.2 2.45E-04 001.0 207.4 -18.5 0.215593 0.229298 0.302487 hargrave 2016-11-07 10:20:13 
TT 625 292.7  39.1 293.1  48.6 2.21E-04 001.2 209.8 -18.8 0.186326 0.311861 0.327851 hargrave 2016-11-08 11:43:52 
TT 640 294.7  38.4 295.4  47.8 1.94E-04 002.8 211.5 -18.5 0.371365 0.797963 0.364770 hargrave 2016-11-09 10:42:21 
TT 655 291.1  40.3 291.1  49.8 8.70E-05 003.6 207.9 -18.6 0.274605 0.461567 0.112897 hargrave 2016-11-10 11:26:00 
TT 665 295.1  38.5 295.8  48.0 7.20E-05 001.7 211.7 -18.2 0.120251 0.146401 0.125502 hargrave 2016-11-11 12:23:23 
TT 675 286.8  45.5 286.0  55.0 1.40E-05 001.3 202.2 -15.8 0.022318 0.023647 0.018239 hargrave 2016-11-14 19:47:14 
TT 680 289.3  39.6 289.0  49.1 6.75E-06 003.8 207.1 -19.9 0.023701 0.037132 0.011471 hargrave 2016-11-15 18:34:52 
