GB2- 7a mag compass orientation (IGRF corrected)
  15.65 162.5  71.0  20.7   9.5   1.0
NRM    297.9  39.5 299.2  48.9 4.53E-04 002.0 215.2 -17.8 0.483817 0.610434 1.368569 hargrave 2016-08-17 16:42:37 
NRM    297.9  39.4 299.2  48.9 4.54E-04 002.0 215.3 -17.8 0.501249 0.596946 1.398719 hargrave 2016-08-17 19:36:05 
LN2    298.8  38.6 300.2  48.0 4.43E-04 002.2 216.4 -17.9 0.597064 0.525003 1.473103 hargrave 2016-08-19 18:25:09 
TT 100 300.0  36.9 301.5  46.3 4.37E-04 001.8 218.4 -18.4 0.432271 0.395269 1.260083 hargrave 2016-08-26 13:45:55 
TT 200 300.7  35.5 302.2  44.8 4.30E-04 003.9 219.9 -18.9 1.952572 1.809478 1.163304 hargrave 2016-08-31 17:47:24 
TT 300 298.1  37.8 299.3  47.2 4.09E-04 002.4 216.6 -18.9 0.657140 1.206359 1.102879 hargrave 2016-09-01 15:17:37 
TT 350 298.0  38.2 299.2  47.6 3.87E-04 001.7 216.2 -18.6 0.425181 0.342839 1.059033 hargrave 2016-09-02 14:39:58 
TT 400 297.8  38.0 298.9  47.4 3.67E-04 001.8 216.3 -18.9 0.565425 0.886490 0.556793 hargrave 2016-09-08 10:41:16 
TT 425 300.1  36.4 301.5  45.7 3.59E-04 001.1 218.8 -18.7 0.449057 0.375677 0.455236 hargrave 2016-09-08 16:51:07 
TT 450 299.0  37.3 300.4  46.7 3.50E-04 002.4 217.6 -18.7 0.948365 1.079276 0.417851 hargrave 2016-09-12 10:42:23 
TT 475 299.5  36.8 300.9  46.2 3.41E-04 002.1 218.2 -18.7 0.784914 0.910481 0.352303 hargrave 2016-09-12 21:29:11 
TT 500 299.2  37.1 300.5  46.5 3.32E-04 000.8 217.8 -18.7 0.201692 0.197033 0.416156 hargrave 2016-09-15 11:26:54 
TT 525 298.1  37.9 299.3  47.3 3.15E-04 001.9 216.5 -18.8 0.624738 0.783424 0.390530 hargrave 2016-09-19 17:40:15 
TT 550 298.7  37.4 300.0  46.8 2.95E-04 003.3 217.3 -18.8 1.068510 1.229325 0.427562 hargrave 2016-09-22 16:39:08 
TT 560 298.6  37.6 299.9  47.0 2.83E-04 002.6 217.1 -18.7 0.795805 0.925143 0.403986 hargrave 2016-09-29 10:18:13 
TT 570 298.8  37.1 300.1  46.5 2.77E-04 002.8 217.6 -18.9 0.795539 1.073956 0.299725 hargrave 2016-10-03 17:19:04 
TT 575 299.7  36.0 301.1  45.3 2.72E-04 001.2 219.0 -19.2 0.254252 0.351229 0.384812 hargrave 2016-10-08 13:53:19 
TT 580 300.2  36.0 301.6  45.3 2.68E-04 001.2 219.2 -18.9 0.358611 0.400578 0.253661 hargrave 2016-10-20 11:54:56 
TT 595 295.9  39.0 296.8  48.5 2.53E-04 004.9 214.4 -19.2 1.214603 1.790138 0.254498 hargrave 2016-10-24 23:57:45 
TT 610 298.0  37.8 299.2  47.2 2.29E-04 002.8 216.5 -18.9 0.714347 0.849894 0.230601 hargrave 2016-11-07 10:18:29 
TT 625 298.9  36.9 300.2  46.3 2.03E-04 000.9 217.8 -19.1 0.192808 0.207157 0.178575 hargrave 2016-11-08 11:42:08 
TT 640 299.3  36.8 300.7  46.2 1.77E-04 001.1 218.1 -18.9 0.181544 0.249707 0.173580 hargrave 2016-11-09 10:40:35 
TT 655 299.0  36.9 300.3  46.3 8.45E-05 001.3 217.8 -19.0 0.133140 0.119251 0.100497 hargrave 2016-11-10 11:24:28 
TT 665 299.5  37.5 300.9  46.9 6.56E-05 001.5 217.6 -18.3 0.108535 0.131148 0.062936 hargrave 2016-11-11 12:21:34 
TT 675 296.2  39.5 297.1  48.9 1.61E-05 004.2 214.3 -18.7 0.070437 0.097569 0.013576 hargrave 2016-11-14 19:45:31 
TT 680 300.1  40.2 301.8  49.6 8.24E-06 003.0 215.9 -16.1 0.027974 0.033644 0.008233 hargrave 2016-11-15 18:33:09 
