GB13- 8a mag compass orientation (IGRF corrected)
  235.6  95.5  53.0  20.7   9.5   1.0
NRM    298.0  38.3 299.2  47.8 1.38E-03 002.1 246.5  37.8 4.519535 2.168521 1.465747 hargrave 2016-09-01 10:10:21 
LN2    296.8  38.0 297.8  47.5 1.36E-03 001.3 246.5  36.8 2.353755 2.461048 1.135901 hargrave 2016-09-04 17:41:25 
TT 100 296.5  38.3 297.4  47.8 1.35E-03 002.6 246.0  36.7 5.585942 2.925600 0.912663 hargrave 2016-09-08 13:46:52 
TT 200 297.2  36.9 298.2  46.3 1.33E-03 002.1 247.9  36.7 4.127298 2.370585 1.126128 hargrave 2016-09-12 15:22:38 
TT 300 184.1  53.6 172.9  50.0 3.16E-04 075.1 179.2  00.6 1.845895 104.2692 80.44715 hargrave 2016-09-13 15:28:09 
TT 300 297.6  34.7 298.6  44.1 1.28E-03 003.0 250.6  36.1 6.235051 2.823311 1.391993 hargrave 2016-09-14 13:50:11 
TT 350 297.1  35.6 298.1  45.0 1.24E-03 003.2 249.4  36.1 6.653879 2.861303 1.136468 hargrave 2016-09-26 18:11:05 
TT 400 297.0  37.0 298.0  46.4 1.17E-03 003.5 247.8  36.5 6.355205 2.882938 1.750915 hargrave 2016-10-06 21:20:09 
TT 425 296.5  37.3 297.4  46.7 1.16E-03 002.1 247.2  36.3 3.733714 1.971875 1.435764 hargrave 2016-10-24 11:03:32 
TT 450 297.6  35.5 298.6  44.9 1.12E-03 003.4 249.7  36.4 6.113364 2.480391 1.408077 hargrave 2016-10-28 12:47:32 
TT 475 296.0  37.9 296.9  47.4 1.09E-03 001.6 246.3  36.2 2.440180 1.545704 1.528314 hargrave 2016-11-03 13:14:35 
TT 500 297.6  35.8 298.6  45.2 1.04E-03 003.0 249.3  36.5 5.013996 1.757761 1.503481 hargrave 2016-11-08 13:35:01 
TT 525 297.6  34.4 298.6  43.8 9.94E-04 002.0 251.0  36.0 3.139468 1.532089 1.037145 hargrave 2016-11-08 21:04:54 
TT 550 297.5  35.2 298.5  44.6 9.21E-04 001.2 249.9  36.2 1.361758 1.157242 0.984740 hargrave 2016-11-09 16:22:14 
TT 560 296.8  35.3 297.7  44.7 8.93E-04 001.2 249.6  35.7 1.480952 1.230597 1.149805 hargrave 2016-11-13 22:36:26 
TT 570 297.3  33.9 298.2  43.3 8.63E-04 000.9 251.4  35.5 0.850203 1.189176 0.598069 hargrave 2016-11-15 09:57:32 
TT 575 296.5  35.8 297.4  45.2 8.47E-04 001.9 248.9  35.8 2.475017 1.307418 0.999821 hargrave 2016-11-16 14:59:42 
TT 580 298.3  32.6 299.3  42.0 8.31E-04 001.2 253.2  35.8 1.178804 1.089041 0.867216 hargrave 2016-11-21 15:36:14 
TT 595 297.7  33.3 298.7  42.8 7.95E-04 003.6 252.2  35.7 4.506299 2.075673 1.046083 hargrave 2016-11-23 15:12:29 
TT 610 297.2  34.2 298.1  43.6 7.48E-04 002.4 251.0  35.6 2.877736 1.321040 0.760789 hargrave 2016-11-30 17:08:12 
TT 625 296.6  35.0 297.5  44.5 6.59E-04 001.6 249.8  35.5 1.394507 1.098627 0.625527 hargrave 2016-12-09 15:50:30 
TT 640 297.1  35.7 298.0  45.1 4.95E-04 003.5 249.3  36.1 2.839074 0.861029 0.946440 hargrave 2016-12-13 19:37:57 
TT 655 296.7  34.0 297.6  43.5 2.09E-04 001.9 251.0  35.2 0.565165 0.229939 0.402343 hargrave 2016-12-16 08:41:45 
TT 655 296.9  32.4 297.7  41.8 9.27E-05 005.0 252.9  34.6 0.778976 0.220822 0.151133 hargrave 2016-12-17 17:44:11 
TT 675 297.3  30.7 298.2  40.1 5.77E-05 002.4 254.9  34.2 0.169743 0.223167 0.077790 hargrave 2016-12-22 13:12:06 
TT 680 297.9  30.8 298.8  40.2 3.86E-05 003.4 255.1  34.7 0.217871 0.084548 0.030978 hargrave 2016-12-23 10:28:31 
