GB13- 2a mag compass orientation (IGRF corrected)
  235.3 143.5  76.0  20.7   9.5   1.0
NRM    295.9  34.5 296.7  44.0 1.86E-03 001.3 228.7 -13.5 2.213132 1.381869 3.505027 hargrave 2016-09-01 09:58:24 
LN2    294.2  36.3 294.7  45.8 1.83E-03 000.7 226.4 -13.9 1.227632 0.918670 2.139792 hargrave 2016-09-04 17:29:25 
TT 100 294.7  35.5 295.3  45.0 1.82E-03 001.6 227.3 -13.9 3.219234 3.196448 2.326249 hargrave 2016-09-08 13:36:22 
TT 200 294.7  34.3 295.3  43.8 1.79E-03 001.9 228.4 -14.4 4.249205 3.533439 2.221272 hargrave 2016-09-12 15:10:45 
TT 300 231.1  76.0 190.1  77.7 1.03E-03 054.6 179.4 -00.0 1.808016 137.8123 46.34204 hargrave 2016-09-13 15:15:42 
TT 300 295.5  33.0 296.1  42.4 1.71E-03 002.6 229.9 -14.6 5.885711 4.970307 1.958795 hargrave 2016-09-14 13:37:59 
TT 350 295.9  32.1 296.6  41.6 1.63E-03 001.1 230.9 -14.6 1.784680 1.573175 2.466158 hargrave 2016-09-26 17:59:10 
TT 400 294.8  34.4 295.3  43.8 1.56E-03 002.4 228.4 -14.4 4.514912 4.325151 2.319598 hargrave 2016-10-06 21:08:27 
TT 425 294.7  33.3 295.3  42.7 1.54E-03 001.2 229.3 -15.0 2.222877 2.268105 1.521692 hargrave 2016-10-24 10:51:44 
TT 450 294.8  33.8 295.4  43.2 1.51E-03 001.5 228.9 -14.6 2.365651 2.378061 2.205058 hargrave 2016-10-28 12:32:45 
TT 475 294.4  33.2 294.9  42.7 1.45E-03 000.9 229.2 -15.2 1.411229 1.393776 1.738137 hargrave 2016-11-03 13:00:06 
TT 500 295.2  32.3 295.9  41.8 1.40E-03 001.0 230.4 -15.0 1.782666 1.851839 1.444652 hargrave 2016-11-08 13:23:24 
TT 525 293.5  35.4 293.9  44.9 1.36E-03 001.0 226.9 -14.8 1.245216 1.199071 1.765369 hargrave 2016-11-08 20:52:13 
TT 550 295.0  32.0 295.6  41.5 1.24E-03 003.3 230.6 -15.3 4.934001 4.612050 2.076250 hargrave 2016-11-09 16:09:59 
TT 560 292.5  36.0 292.8  45.5 1.18E-03 004.2 225.9 -15.2 6.387581 5.883794 1.190896 hargrave 2016-11-13 22:24:34 
TT 570 294.1  34.1 294.6  43.6 1.05E-03 002.0 228.3 -15.0 2.520380 2.438100 1.379113 hargrave 2016-11-15 09:46:04 
TT 575 294.9  32.7 295.5  42.1 1.03E-03 002.6 230.0 -15.1 3.454244 2.995431 1.259766 hargrave 2016-11-16 14:49:10 
TT 580 295.0  33.0 295.6  42.5 1.02E-03 001.0 229.7 -14.8 1.025718 0.941028 1.398894 hargrave 2016-11-21 15:24:21 
TT 595 293.4  34.5 293.8  44.0 9.32E-04 002.0 227.7 -15.3 2.484812 1.956019 1.099534 hargrave 2016-11-23 14:29:29 
TT 610 295.1  32.8 295.8  42.3 9.11E-04 001.3 229.9 -14.9 1.338310 1.138707 1.183367 hargrave 2016-11-30 16:58:20 
TT 625 292.4  36.0 292.7  45.5 7.89E-04 002.7 225.9 -15.3 2.648394 2.587309 0.774372 hargrave 2016-12-09 15:37:30 
TT 640 294.6  34.4 295.2  43.8 3.98E-04 001.2 228.3 -14.5 0.442987 0.462707 0.682985 hargrave 2016-12-13 19:25:53 
TT 655 297.1  31.2 297.9  40.6 1.14E-04 004.0 232.2 -14.1 0.569149 0.538149 0.171411 hargrave 2016-12-16 08:29:51 
TT 655 294.6  35.3 295.2  44.8 3.40E-05 004.1 227.5 -14.0 0.168301 0.169889 0.059839 hargrave 2016-12-17 17:32:05 
TT 675 294.4  39.8 295.1  49.3 1.30E-05 003.5 223.4 -12.0 0.047969 0.059005 0.025341 hargrave 2016-12-22 12:52:11 
TT 680 310.0  20.7 311.5  29.6 5.90E-06 001.2 246.5 -07.2 0.008898 0.007751 0.008382 hargrave 2016-12-23 10:18:47 
