GB13- 4a mag compass orientation (IGRF corrected)
  235.5 184.5  78.0  20.7   9.5   1.0
NRM    297.6  36.6 298.7  46.0 1.85E-03 001.7 203.2 -36.8 3.163004 2.219484 4.143990 hargrave 2016-09-01 10:01:39 
LN2    293.7  37.5 294.2  47.0 1.82E-03 001.2 199.1 -37.3 2.482154 2.310591 1.989830 hargrave 2016-09-04 17:32:38 
TT 100 296.8  36.3 297.7  45.8 1.81E-03 001.2 202.6 -37.3 2.465999 2.453609 1.908746 hargrave 2016-09-08 13:40:01 
TT 200 296.4  34.3 297.3  43.8 1.77E-03 002.4 203.5 -39.2 4.041447 6.018788 2.094012 hargrave 2016-09-12 15:15:40 
TT 300 269.5  77.9 222.9  85.3 1.19E-03 046.1 179.0 -00.0 2.531558 47.98585 113.9777 hargrave 2016-09-13 15:18:55 
TT 300 295.7  34.1 296.5  43.6 1.67E-03 001.4 202.9 -39.7 2.699828 2.640497 2.013409 hargrave 2016-09-14 13:40:58 
TT 350 295.3  33.8 296.0  43.2 1.56E-03 001.6 202.7 -40.1 2.282280 2.897900 2.489953 hargrave 2016-09-26 18:02:24 
TT 400 294.0  34.8 294.5  44.3 1.48E-03 002.0 200.8 -39.7 2.606037 4.097500 1.902693 hargrave 2016-10-06 21:12:17 
TT 425 295.7  34.1 296.4  43.6 1.44E-03 001.3 202.9 -39.7 2.325344 2.315062 1.395647 hargrave 2016-10-24 10:57:29 
TT 450 293.5  35.0 293.9  44.4 1.38E-03 001.7 200.3 -39.7 2.336871 3.052049 1.435514 hargrave 2016-10-28 12:36:33 
TT 475 293.4  34.8 293.8  44.3 1.31E-03 003.0 200.2 -39.9 3.000507 6.229012 1.261462 hargrave 2016-11-03 13:05:50 
TT 500 293.5  35.0 293.9  44.4 1.25E-03 001.9 200.3 -39.7 1.945870 3.739392 1.637073 hargrave 2016-11-08 13:28:28 
TT 525 293.5  35.5 293.9  45.0 1.20E-03 001.4 200.0 -39.2 2.268880 1.737644 1.499921 hargrave 2016-11-08 20:55:11 
TT 550 296.7  33.2 297.5  42.6 1.10E-03 001.6 204.4 -40.1 1.711626 2.505718 0.915709 hargrave 2016-11-09 16:13:02 
TT 560 296.6  32.5 297.3  42.0 1.06E-03 001.3 204.7 -40.7 1.663617 1.578269 1.340597 hargrave 2016-11-13 22:27:32 
TT 570 294.6  34.2 295.1  43.7 9.84E-04 001.7 201.7 -40.0 2.008486 1.742339 1.279654 hargrave 2016-11-15 09:50:50 
TT 575 295.6  32.7 296.3  42.1 9.77E-04 001.4 203.7 -41.0 1.387014 1.488044 1.366641 hargrave 2016-11-16 14:53:01 
TT 580 295.9  33.3 296.6  42.7 9.60E-04 001.4 203.6 -40.4 1.590814 1.545869 0.987895 hargrave 2016-11-21 15:27:19 
TT 595 295.6  33.9 296.3  43.3 9.07E-04 003.9 203.0 -39.9 3.401622 5.085915 1.022897 hargrave 2016-11-23 15:05:44 
TT 610 293.0  34.7 293.3  44.2 8.77E-04 003.8 199.9 -40.1 2.876202 5.066896 1.025524 hargrave 2016-11-30 17:01:29 
TT 625 293.7  34.7 294.2  44.2 6.98E-04 002.0 200.6 -39.9 1.438300 1.993647 0.616803 hargrave 2016-12-09 15:40:34 
TT 640 297.0  34.9 298.0  44.3 2.36E-04 002.1 203.7 -38.5 0.634174 0.414625 0.479323 hargrave 2016-12-13 19:28:52 
TT 655 297.8  35.3 298.9  44.7 1.37E-04 002.0 204.1 -37.8 0.316775 0.283558 0.227373 hargrave 2016-12-16 08:35:41 
TT 655 297.0  36.5 298.0  45.9 7.60E-05 005.2 202.7 -37.1 0.132139 0.671115 0.109874 hargrave 2016-12-17 17:35:34 
TT 675 298.7  37.1 299.9  46.5 6.06E-05 007.5 203.8 -35.9 0.295041 0.747412 0.093337 hargrave 2016-12-22 12:54:37 
TT 680 297.7  34.5 298.7  43.9 5.26E-05 001.5 204.6 -38.6 0.077146 0.071732 0.099355 hargrave 2016-12-23 10:21:21 
