GB13- 7a mag compass orientation (IGRF corrected)
 235.45  68.5  21.0  20.7   9.5   1.0
NRM    293.7  33.9 294.1  43.4 9.38E-04 002.0 300.9  47.0 2.828372 1.323127 1.340408 hargrave 2016-09-01 10:08:49 
LN2    292.8  33.6 293.1  43.1 9.24E-04 002.1 300.0  46.5 3.002976 1.890089 0.816948 hargrave 2016-09-04 17:39:53 
TT 100 293.4  32.8 293.8  42.3 9.17E-04 001.3 301.1  46.0 1.589673 1.520725 0.513817 hargrave 2016-09-08 13:45:43 
TT 200 292.7  32.2 292.9  41.6 9.08E-04 001.6 300.6  45.1 1.973525 1.760208 0.601210 hargrave 2016-09-12 15:21:10 
TT 300 337.4 -21.1 335.2 -14.4 3.12E-04 069.2 359.0 -00.1 1.799430 56.52186 64.85223 hargrave 2016-09-13 15:26:32 
TT 300 292.8  31.9 293.1  41.4 8.68E-04 002.0 300.9  44.9 2.689798 1.515256 1.066787 hargrave 2016-09-14 13:48:37 
TT 350 292.4  32.5 292.6  42.0 8.32E-04 003.0 300.2  45.3 3.693247 2.255215 1.347062 hargrave 2016-09-26 18:09:25 
TT 400 291.8  31.7 291.9  41.2 8.15E-04 002.4 299.9  44.4 2.849206 1.687098 1.094533 hargrave 2016-10-06 21:17:56 
TT 425 292.4  31.4 292.6  40.9 8.09E-04 001.7 300.8  44.3 2.041204 1.323695 0.810477 hargrave 2016-10-24 11:02:04 
TT 450 293.4  31.3 293.7  40.8 7.82E-04 002.2 301.9  44.5 2.339650 1.694084 0.914978 hargrave 2016-10-28 12:45:38 
TT 475 294.0  31.5 294.4  41.0 7.77E-04 002.6 302.5  44.9 2.818913 1.747194 1.406271 hargrave 2016-11-03 13:13:02 
TT 500 292.4  31.3 292.6  40.8 7.70E-04 002.6 300.8  44.3 3.071622 1.608731 1.128415 hargrave 2016-11-08 13:33:18 
TT 525 294.1  31.0 294.6  40.5 7.51E-04 001.3 302.9  44.5 1.010120 1.112301 0.870556 hargrave 2016-11-08 21:03:21 
TT 550 291.5  31.8 291.6  41.3 7.35E-04 001.4 299.5  44.4 1.255139 1.131014 0.700125 hargrave 2016-11-09 16:20:38 
TT 560 293.7  31.1 294.0  40.6 7.33E-04 001.3 302.3  44.4 0.938016 1.196874 1.093892 hargrave 2016-11-13 22:34:53 
TT 570 295.1  30.0 295.6  39.5 7.22E-04 002.3 304.5  43.8 2.283478 1.856590 0.377933 hargrave 2016-11-15 09:55:47 
TT 575 293.9  30.4 294.3  39.9 7.18E-04 001.2 302.9  43.8 0.923900 1.148715 0.626493 hargrave 2016-11-16 14:58:08 
TT 580 293.5  31.0 293.8  40.5 7.11E-04 001.8 302.2  44.3 1.732805 1.170204 0.769412 hargrave 2016-11-21 15:34:41 
TT 595 291.9  31.6 292.1  41.1 6.90E-04 001.5 300.1  44.3 1.055040 1.295105 1.059651 hargrave 2016-11-23 15:10:54 
TT 610 292.6  31.1 292.9  40.6 6.66E-04 003.4 301.1  44.1 3.440074 1.993779 0.782005 hargrave 2016-11-30 17:06:44 
TT 625 293.1  30.8 293.4  40.3 5.80E-04 001.3 301.8  44.0 0.874559 0.863606 0.614900 hargrave 2016-12-09 15:48:54 
TT 640 293.3  31.9 293.6  41.4 3.33E-04 004.0 301.5  45.0 2.087115 0.904018 0.670001 hargrave 2016-12-13 19:36:23 
TT 655 292.9  32.4 293.2  41.9 1.14E-04 001.9 300.8  45.4 0.294460 0.159991 0.188531 hargrave 2016-12-16 08:40:17 
TT 655 293.0  32.6 293.4  42.1 5.85E-05 002.0 300.8  45.6 0.150727 0.119273 0.085905 hargrave 2016-12-17 17:42:40 
TT 675 291.5  33.9 291.6  43.4 4.32E-05 002.5 298.4  46.3 0.154980 0.094236 0.081038 hargrave 2016-12-22 13:10:49 
TT 680 295.8  32.5 296.5  42.0 3.28E-05 001.2 304.0  46.4 0.038813 0.046294 0.031891 hargrave 2016-12-23 10:27:18 
