GB7- 4a sun compass orientation
  178.9  93.9  18.0  20.7   9.5   1.0
NRM    295.0  33.1 295.6  42.5 9.73E-03 001.0 278.6  37.8 10.76401 14.45340 6.887880 hargrave 2016-08-17 17:57:52 
NRM    295.2  33.0 295.8  42.5 9.75E-03 001.0 278.8  37.7 10.22722 14.84289 6.458417 hargrave 2016-08-17 20:48:42 
LN2    296.4  32.6 297.2  42.0 9.72E-03 002.4 280.2  37.7 37.64461 15.55368 7.794943 hargrave 2016-08-19 19:36:32 
TT 100 297.2  32.4 298.0  41.8 9.71E-03 001.5 281.1  37.8 21.18816 13.76364 6.574685 hargrave 2016-08-26 14:59:38 
TT 200 297.0  32.1 297.8  41.5 9.44E-03 000.8 281.0  37.5 7.431960 12.08575 6.678459 hargrave 2016-08-31 19:01:04 
TT 300 294.3  32.9 294.8  42.3 8.86E-03 002.3 278.0  37.3 33.54449 11.51137 6.457824 hargrave 2016-09-01 16:30:04 
TT 350 296.8  32.2 297.6  41.6 8.32E-03 002.2 280.8  37.4 30.33620 10.81188 6.882055 hargrave 2016-09-02 15:52:33 
TT 400 294.0  32.5 294.4  42.0 7.84E-03 001.3 277.9  36.9 13.75491 12.94974 8.064363 hargrave 2016-09-08 11:44:54 
TT 425 293.8  32.7 294.2  42.2 7.63E-03 002.1 277.6  37.0 25.98479 12.25107 8.390676 hargrave 2016-09-09 09:37:49 
TT 450 296.6  31.7 297.4  41.1 7.46E-03 002.0 280.8  36.9 22.69909 13.38705 5.868623 hargrave 2016-09-12 11:53:47 
TT 475 297.8  31.4 298.7  40.8 7.29E-03 001.3 282.2  37.0 12.37379 11.72199 8.983159 hargrave 2016-09-12 22:40:53 
TT 500 296.7  31.5 297.4  41.0 7.15E-03 001.9 281.0  36.8 21.71414 12.66433 6.557696 hargrave 2016-09-15 12:29:54 
TT 525 293.6  32.8 294.0  42.2 6.84E-03 001.6 277.4  37.0 14.68572 11.45213 9.664925 hargrave 2016-09-19 18:57:35 
TT 550 295.2  32.1 295.8  41.6 6.30E-03 002.2 279.2  37.0 22.53049 11.17606 6.124999 hargrave 2016-09-22 17:54:31 
TT 560 292.5  33.1 292.7  42.6 6.09E-03 001.3 276.1  37.0 11.19329 11.19056 4.419744 hargrave 2016-09-29 11:38:34 
TT 570 295.9  31.8 296.6  41.3 5.67E-03 002.8 280.1  36.9 24.95434 10.60430 7.160995 hargrave 2016-10-03 18:28:54 
TT 575 298.6  30.6 299.6  40.0 5.19E-03 002.4 283.3  36.6 19.98315 9.245615 5.940268 hargrave 2016-10-08 15:33:22 
TT 575 293.6  32.7 294.0  42.2 5.19E-03 003.1 277.4  37.0 26.56472 9.504232 6.595560 hargrave 2016-10-10 17:21:20 
TT 580 296.5  31.5 297.2  41.0 4.81E-03 001.6 280.7  36.8 11.01266 7.451767 6.069182 hargrave 2016-10-20 13:17:42 
TT 595 293.8  32.8 294.2  42.3 3.85E-03 001.8 277.5  37.1 10.43018 5.074557 4.951246 hargrave 2016-10-25 01:13:41 
TT 610 296.6  32.2 297.4  41.7 2.48E-03 001.4 280.6  37.4 4.871174 3.476948 1.839624 hargrave 2016-11-07 11:33:43 
TT 625 299.4  31.9 300.6  41.3 1.47E-03 002.0 283.6  38.0 4.380483 2.285223 1.394663 hargrave 2016-11-08 12:54:12 
TT 640 298.0  31.9 299.0  41.3 1.36E-03 002.5 282.1  37.6 5.542092 2.186057 1.354193 hargrave 2016-11-09 11:56:33 
TT 655 300.4  31.8 301.6  41.2 1.10E-03 001.0 284.5  38.2 1.176414 1.568427 0.935227 hargrave 2016-11-10 12:39:32 
TT 665 300.8  32.6 302.1  41.9 6.48E-04 001.1 284.6  39.0 0.802145 0.865011 0.604101 hargrave 2016-11-11 13:36:24 
TT 675 301.7  33.7 303.2  43.0 3.17E-04 002.0 285.0  40.3 0.965952 0.493151 0.286199 hargrave 2016-11-14 20:57:37 
TT 680 299.2  33.1 300.3  42.5 2.65E-04 002.1 282.7  39.0 0.838419 0.381518 0.289432 hargrave 2016-11-15 19:47:14 
