GB7- 7a sun compass orientation
 180.85   7.4  12.0  20.7   9.5   1.0
NRM    051.6 -36.8 044.8 -41.2 9.14E-04 001.8 126.3 -44.6 1.897304 2.195694 0.731494 hargrave 2016-08-17 18:02:16 
NRM    051.8 -36.7 045.0 -41.2 9.14E-04 001.9 126.5 -44.6 2.099680 2.278227 0.754131 hargrave 2016-08-17 20:53:57 
LN2    049.4 -37.2 042.4 -41.2 8.88E-04 001.7 123.8 -44.6 1.527742 2.232414 0.686164 hargrave 2016-08-19 19:41:45 
TT 100 052.5 -36.7 045.7 -41.2 8.85E-04 001.0 127.3 -44.6 0.909218 1.218864 1.007409 hargrave 2016-08-26 15:04:50 
TT 200 053.0 -36.0 046.4 -40.7 8.76E-04 001.2 128.0 -44.1 1.342897 1.055120 0.995126 hargrave 2016-08-31 19:07:01 
TT 300 050.9 -36.3 044.2 -40.6 8.37E-04 002.2 125.7 -44.0 2.881859 1.327560 0.998717 hargrave 2016-09-01 16:35:12 
TT 350 051.6 -36.1 044.9 -40.5 8.08E-04 001.1 126.5 -43.9 0.725388 1.234239 0.897048 hargrave 2016-09-02 15:58:32 
TT 400 051.1 -35.6 044.5 -40.0 7.81E-04 001.3 126.1 -43.4 1.374481 1.128499 0.937136 hargrave 2016-09-08 11:50:33 
TT 425 050.3 -35.7 043.7 -40.0 7.66E-04 001.4 125.2 -43.3 1.217291 1.391918 0.794754 hargrave 2016-09-09 09:41:59 
TT 450 050.5 -35.7 043.9 -40.0 7.51E-04 001.5 125.4 -43.4 1.589632 1.119321 0.888094 hargrave 2016-09-12 11:58:11 
TT 475 054.7 -35.1 048.4 -40.0 7.39E-04 002.6 130.2 -43.4 2.744095 1.881236 0.897066 hargrave 2016-09-12 22:45:28 
TT 500 053.5 -35.1 047.2 -39.8 7.30E-04 001.5 128.9 -43.3 1.504412 1.126202 0.855100 hargrave 2016-09-15 12:34:04 
TT 525 050.8 -36.0 044.1 -40.3 7.18E-04 002.6 125.7 -43.7 2.692204 1.813200 0.982535 hargrave 2016-09-19 19:03:43 
TT 550 051.7 -36.1 045.0 -40.5 6.86E-04 002.6 126.6 -43.9 2.348611 2.007212 0.740822 hargrave 2016-09-22 18:00:39 
TT 560 049.9 -36.4 043.0 -40.5 6.74E-04 001.5 124.5 -43.9 1.378756 1.166172 0.806644 hargrave 2016-09-29 11:44:50 
TT 570 050.1 -36.0 043.4 -40.2 6.67E-04 001.1 124.9 -43.5 0.698347 1.074940 0.821125 hargrave 2016-10-03 18:34:03 
TT 575 052.4 -35.6 045.9 -40.2 6.47E-04 002.4 127.5 -43.6 2.150364 1.560480 0.872100 hargrave 2016-10-08 15:48:25 
TT 575 050.2 -36.3 043.4 -40.5 6.47E-04 001.1 124.9 -43.9 0.670327 0.985085 0.886577 hargrave 2016-10-10 17:27:42 
TT 580 053.0 -35.5 046.5 -40.2 6.37E-04 001.6 128.1 -43.6 1.287003 1.052636 0.802629 hargrave 2016-10-20 13:23:58 
TT 595 060.7 -35.2 054.7 -41.0 6.20E-04 006.6 136.8 -44.5 4.586760 5.424291 0.843096 hargrave 2016-10-25 01:19:36 
TT 610 050.5 -36.0 043.8 -40.3 6.04E-04 001.9 125.4 -43.6 1.702378 0.860824 0.700081 hargrave 2016-11-07 11:38:57 
TT 625 050.5 -36.1 043.8 -40.3 5.76E-04 002.3 125.3 -43.7 1.903842 1.275008 0.641582 hargrave 2016-11-08 12:59:26 
TT 640 052.5 -35.8 045.9 -40.3 5.51E-04 001.1 127.5 -43.7 0.739689 0.789703 0.635163 hargrave 2016-11-09 12:01:57 
TT 655 048.5 -36.9 041.5 -40.8 4.70E-04 001.4 122.8 -44.2 0.836559 0.731111 0.527002 hargrave 2016-11-10 12:47:16 
TT 665 051.2 -36.8 044.4 -41.1 3.72E-04 002.8 125.9 -44.5 1.464903 0.997857 0.381704 hargrave 2016-11-11 13:41:41 
TT 675 050.2 -37.4 043.2 -41.5 2.49E-04 001.4 124.6 -44.9 0.490482 0.342692 0.240569 hargrave 2016-11-14 21:01:58 
TT 680 048.6 -37.4 041.5 -41.3 2.51E-04 001.1 122.8 -44.6 0.346738 0.377578 0.267173 hargrave 2016-11-15 19:51:35 
