GB10- 7a sun compass orientation
 230.95 256.7  44.0  20.7   9.5   1.0
NRM    305.4  36.0 307.6  45.2 1.86E-03 002.1 147.7  00.1 2.654074 3.938438 5.004661 hargrave 2016-08-17 18:58:17 
NRM    305.3  36.0 307.5  45.2 1.86E-03 002.1 147.7  00.1 2.762696 3.936310 4.918003 hargrave 2016-08-18 11:37:03 
LN2    300.1  34.0 301.4  43.3 1.69E-03 005.3 142.9  00.4 8.785134 11.84854 5.129377 hargrave 2016-08-22 09:06:47 
TT 100 306.1  36.5 308.5  45.6 1.71E-03 002.4 148.4  00.2 3.111914 5.383327 3.853398 hargrave 2016-08-26 15:59:34 
TT 200 303.4  35.2 305.3  44.5 1.71E-03 004.2 145.9  00.1 6.931829 10.02539 2.630867 hargrave 2016-09-12 12:52:13 
TT 300 345.7  43.9 354.3  48.7 1.41E-03 034.3 179.3 -00.1 1.350344 96.16045 2.576500 hargrave 2016-09-13 14:36:11 
TT 300 345.5  43.9 354.0  48.8 1.42E-03 034.1 179.1 -00.1 1.747687 95.70219 2.540542 hargrave 2016-09-14 10:00:08 
TT 300 303.6  35.3 305.5  44.5 1.67E-03 002.9 146.1  00.1 4.975567 6.731904 2.125592 hargrave 2016-09-14 12:59:28 
TT 350 306.6  36.0 309.0  45.1 1.64E-03 002.5 148.6 -00.4 3.472073 5.546673 2.725867 hargrave 2016-09-26 17:16:32 
TT 400 303.7  35.2 305.7  44.5 1.60E-03 004.3 146.2 -00.0 6.884179 9.733861 2.202087 hargrave 2016-10-04 10:54:04 
TT 425 306.5  36.4 308.9  45.5 1.59E-03 001.9 148.7 -00.0 2.878955 3.997197 2.048080 hargrave 2016-10-21 11:41:03 
TT 450 305.2  35.7 307.3  44.8 1.57E-03 002.9 147.4 -00.2 4.392290 6.268634 2.504896 hargrave 2016-10-28 11:44:19 
TT 475 302.2  34.1 303.9  43.3 1.54E-03 001.4 144.5 -00.4 1.831288 2.678505 2.239040 hargrave 2016-11-03 12:19:13 
TT 500 304.3  35.3 306.3  44.5 1.53E-03 001.2 146.6 -00.1 1.594250 1.874744 2.153842 hargrave 2016-11-07 12:34:09 
TT 525 304.9  35.4 307.0  44.6 1.51E-03 001.0 147.1 -00.3 0.982535 1.423542 2.096462 hargrave 2016-11-08 20:12:27 
TT 550 306.7  36.1 309.1  45.2 1.46E-03 001.1 148.7 -00.3 0.981401 1.404343 2.365682 hargrave 2016-11-09 15:31:15 
TT 560 308.3  36.4 311.0  45.4 1.43E-03 001.9 150.0 -00.6 2.105194 3.966021 1.809742 hargrave 2016-11-13 21:45:32 
TT 570 306.7  35.9 309.1  44.9 1.33E-03 001.4 148.6 -00.6 1.614199 2.394735 1.656326 hargrave 2016-11-14 23:19:11 
TT 575 305.3  35.7 307.5  44.9 1.32E-03 001.0 147.5 -00.2 0.729228 1.100093 1.991898 hargrave 2016-11-16 14:12:53 
TT 580 305.8  35.9 308.1  45.0 1.21E-03 001.7 147.9 -00.2 1.817038 2.407526 1.884370 hargrave 2016-11-21 14:46:53 
TT 595 308.9  37.5 311.7  46.4 9.63E-04 001.2 150.9  00.1 0.974429 1.383641 1.403697 hargrave 2016-11-23 13:50:32 
TT 610 307.0  36.9 309.6  46.0 8.89E-04 001.0 149.3  00.3 0.576192 0.696472 1.413336 hargrave 2016-11-30 11:04:36 
TT 625 310.1  38.4 313.3  47.3 7.90E-04 002.5 152.2  00.6 1.493072 2.906720 1.080549 hargrave 2016-12-09 14:58:39 
TT 640 305.8  36.7 308.1  45.8 7.21E-04 002.6 148.3  00.5 1.597086 2.514751 1.296877 hargrave 2016-12-13 18:48:34 
TT 655 302.6  35.5 304.4  44.8 6.42E-04 001.1 145.5  00.7 0.409395 0.596439 1.106247 hargrave 2016-12-15 16:28:18 
TT 665 303.2  36.1 305.1  45.3 5.58E-04 001.2 146.2  00.9 0.354028 0.367836 1.083083 hargrave 2016-12-16 18:23:20 
TT 675 305.9  37.1 308.3  46.3 4.42E-04 001.6 148.6  00.9 0.382190 0.783398 0.865136 hargrave 2016-12-22 12:22:47 
TT 680 307.3  38.4 310.0  47.5 3.23E-04 003.7 150.2  01.5 0.918188 1.739637 0.782036 hargrave 2016-12-22 21:41:33 
