GB10- 8a mag compass orientation (IGRF corrected)
  230.5 173.5  26.0  20.7   9.5   1.0
NRM    309.8  30.0 312.0  38.9 7.91E-04 004.6 219.6  10.8 3.990228 4.873135 0.758434 hargrave 2016-08-17 19:00:08 
NRM    310.1  29.9 312.4  38.8 7.91E-04 004.9 219.9  10.8 4.290567 5.173551 0.733913 hargrave 2016-08-18 11:38:55 
LN2    303.6  31.9 305.3  41.1 7.23E-04 002.8 213.9  11.0 1.927733 2.939316 0.797726 hargrave 2016-08-22 09:08:39 
TT 100 306.7  30.8 308.6  39.9 7.31E-04 001.2 216.7  10.7 0.787713 1.069314 0.847759 hargrave 2016-08-26 16:01:32 
TT 200 310.5  28.9 312.7  37.8 7.28E-04 002.6 220.5  10.0 1.165775 0.789591 3.055031 hargrave 2016-09-12 12:54:05 
TT 300 262.9  25.9 260.3  34.2 5.22E-04 044.3 179.5 -00.1 0.676144 49.96146 10.09724 hargrave 2016-09-13 14:37:56 
TT 300 310.9  28.6 313.2  37.4 7.09E-04 003.7 221.0  09.8 2.210613 3.056234 2.531849 hargrave 2016-09-14 13:01:08 
TT 350 302.6  30.6 304.1  39.9 6.91E-04 003.3 213.4  09.5 1.437849 2.544732 2.802546 hargrave 2016-09-26 17:18:11 
TT 400 304.6  30.4 306.3  39.6 6.79E-04 002.9 215.2  09.8 1.037853 2.156547 2.534542 hargrave 2016-10-04 10:55:55 
TT 425 307.7  29.6 309.7  38.6 6.70E-04 002.2 218.0  09.8 0.351651 1.014619 2.407070 hargrave 2016-10-21 11:42:58 
TT 450 304.8  30.4 306.5  39.5 6.60E-04 002.6 215.3  09.8 0.422713 1.352557 2.709715 hargrave 2016-10-28 11:46:24 
TT 475 304.0  30.3 305.7  39.5 6.51E-04 003.5 214.7  09.6 1.588831 2.731787 2.512700 hargrave 2016-11-03 12:22:35 
TT 500 303.4  30.6 305.0  39.8 6.47E-04 003.7 214.1  09.6 1.256007 2.872447 2.771377 hargrave 2016-11-07 12:36:01 
TT 525 303.5  30.4 305.1  39.6 6.43E-04 003.8 214.2  09.5 1.592014 3.140273 2.519581 hargrave 2016-11-08 20:14:03 
TT 550 303.1  30.5 304.6  39.8 6.28E-04 002.3 213.8  09.5 0.429359 0.568535 2.411852 hargrave 2016-11-09 15:32:43 
TT 560 301.0  31.0 302.3  40.3 6.14E-04 002.2 211.9  09.5 0.370470 0.611106 2.246589 hargrave 2016-11-13 21:47:13 
TT 570 303.5  30.6 305.1  39.9 5.86E-04 002.1 214.2  09.7 0.558838 0.443026 2.046038 hargrave 2016-11-14 23:21:06 
TT 575 306.4  30.0 308.3  39.1 5.78E-04 002.7 216.7  09.9 0.466164 1.280058 2.376203 hargrave 2016-11-16 14:14:34 
TT 580 305.4  30.5 307.2  39.6 5.07E-04 002.9 215.8  10.0 0.540040 1.466442 2.102427 hargrave 2016-11-21 14:48:30 
TT 595 301.8  31.9 303.2  41.2 4.20E-04 007.8 212.3  10.5 3.186549 4.643503 1.318041 hargrave 2016-11-23 13:52:00 
TT 610 306.4  30.8 308.4  39.9 3.94E-04 002.6 216.5  10.6 0.265341 0.884329 1.503291 hargrave 2016-11-30 11:06:45 
TT 625 300.8  33.0 302.1  42.3 3.49E-04 006.5 211.2  11.3 1.678433 3.284086 1.419522 hargrave 2016-12-09 15:00:59 
TT 640 308.1  31.0 310.3  40.0 3.23E-04 001.8 217.9  11.2 0.262191 0.287509 0.945441 hargrave 2016-12-13 18:50:10 
TT 655 314.4  29.5 317.1  38.1 2.64E-04 001.8 223.6  11.7 0.265049 0.196933 0.772209 hargrave 2016-12-15 16:31:40 
TT 665 302.0  33.4 303.6  42.7 2.15E-04 002.6 212.1  12.0 0.451388 0.329949 0.822604 hargrave 2016-12-16 18:24:48 
TT 675 312.6  30.8 315.3  39.5 1.78E-04 006.8 221.7  12.3 1.465202 1.378929 0.682511 hargrave 2016-12-22 12:24:00 
TT 680 311.1  30.7 313.5  39.5 1.40E-04 003.6 220.4  11.8 0.390122 0.542151 0.619506 hargrave 2016-12-22 21:42:42 
