GB10- 4a sun compass orientation
 229.95 308.1  11.0  20.7   9.5   1.0
NRM    296.7  33.1 297.6  42.5 1.18E-03 001.5 085.9  34.5 2.146997 1.710606 1.477564 hargrave 2016-08-17 18:53:08 
NRM    295.9  33.0 296.6  42.5 1.18E-03 001.4 085.1  34.7 2.142211 1.500779 1.406834 hargrave 2016-08-18 11:31:53 
LN2    294.4  33.1 295.0  42.6 1.17E-03 003.2 083.7  35.0 6.165079 1.810958 1.691451 hargrave 2016-08-22 09:01:34 
TT 100 303.5  34.2 305.3  43.5 1.18E-03 001.4 092.9  34.4 2.033686 1.325351 1.617896 hargrave 2016-08-26 15:54:23 
TT 200 300.0  33.5 301.2  42.8 1.19E-03 002.8 089.2  34.3 5.450450 1.302111 1.497563 hargrave 2016-09-12 12:46:51 
TT 300 034.9  08.8 036.2  06.3 3.54E-05 085.3 176.9 -02.2 1.686915 102.7884 69.87851 hargrave 2016-09-13 14:30:14 
TT 300 036.2  06.8 037.1  04.2 3.82E-05 085.2 178.1 -04.2 1.947336 102.8602 70.03091 hargrave 2016-09-14 09:55:11 
TT 300 300.9  33.4 302.3  42.7 1.16E-03 002.7 090.2  34.1 5.139460 1.171777 1.698139 hargrave 2016-09-14 12:54:45 
TT 350 301.8  33.2 303.3  42.5 1.13E-03 001.4 090.9  33.7 1.822062 1.214156 1.676707 hargrave 2016-09-26 17:11:39 
TT 400 298.9  33.1 300.0  42.4 1.10E-03 003.4 088.1  34.1 6.241914 1.515519 1.447862 hargrave 2016-10-04 10:48:52 
TT 425 298.8  32.9 299.9  42.3 1.08E-03 001.8 088.0  34.0 2.576381 1.645230 1.624570 hargrave 2016-10-21 11:35:42 
TT 450 298.4  32.7 299.4  42.1 1.06E-03 001.7 087.5  33.9 2.443964 1.431638 1.334780 hargrave 2016-10-28 11:38:39 
TT 475 301.3  33.2 302.7  42.5 1.01E-03 001.9 090.5  33.8 2.856331 1.340888 1.020792 hargrave 2016-11-03 12:14:36 
TT 500 299.7  33.1 300.9  42.5 9.60E-04 001.3 088.9  34.0 1.511912 1.171034 1.140449 hargrave 2016-11-07 12:28:54 
TT 525 302.5  33.4 304.2  42.7 9.03E-04 001.3 091.8  33.8 1.450542 1.131047 1.038614 hargrave 2016-11-08 20:07:51 
TT 550 298.8  32.9 299.9  42.3 7.77E-04 001.6 087.9  34.0 1.828365 0.678400 1.058962 hargrave 2016-11-09 15:24:57 
TT 560 297.8  32.2 298.8  41.6 6.96E-04 001.5 086.8  33.5 1.490027 0.935267 0.798130 hargrave 2016-11-13 21:40:56 
TT 570 299.4  32.6 300.6  41.9 3.96E-04 001.9 088.5  33.6 1.150823 0.574294 0.470635 hargrave 2016-11-14 23:13:57 
TT 575 300.9  33.0 302.3  42.3 3.88E-04 001.6 090.0  33.7 0.868740 0.424122 0.452899 hargrave 2016-11-16 14:08:09 
TT 580 299.3  32.5 300.4  41.9 3.74E-04 001.8 088.3  33.5 0.988544 0.468420 0.495964 hargrave 2016-11-21 14:42:10 
TT 595 301.5  33.3 303.0  42.6 1.77E-04 002.3 090.7  33.9 0.653412 0.229520 0.242166 hargrave 2016-11-23 13:45:53 
TT 610 301.2  32.8 302.6  42.1 1.63E-04 001.7 090.3  33.5 0.419649 0.180356 0.217259 hargrave 2016-11-30 10:57:06 
TT 625 302.6  33.4 304.3  42.6 1.06E-04 001.5 091.9  33.7 0.182010 0.154000 0.147946 hargrave 2016-12-09 14:54:04 
TT 640 303.5  33.4 305.2  42.6 5.49E-05 001.6 092.7  33.6 0.112634 0.082528 0.070790 hargrave 2016-12-13 18:43:50 
TT 655 302.1  32.6 303.6  41.9 4.05E-05 004.7 091.1  33.1 0.322574 0.062838 0.061467 hargrave 2016-12-15 16:23:40 
TT 665 322.8  20.7 325.2  28.7 1.08E-05 002.2 108.4  17.6 0.032003 0.009870 0.026183 hargrave 2016-12-16 18:18:57 
TT 675 320.1  45.0 326.0  53.1 5.87E-06 002.2 112.0  41.8 0.018301 0.009596 0.010428 hargrave 2016-12-22 12:19:00 
TT 680 289.7  28.6 289.6  38.1 6.19E-06 001.7 077.8  31.6 0.011616 0.008380 0.012884 hargrave 2016-12-22 21:38:00 
