GB10- 1a sun compass orientation
  229.5 170.9  24.0  20.7   9.5   1.0
NRM    300.3  32.0 301.6  41.4 5.19E-04 000.9 213.5  12.6 0.252245 0.481233 0.713273 hargrave 2016-08-17 18:45:45 
NRM    299.3  32.3 300.5  41.7 5.19E-04 001.4 212.6  12.6 0.557445 0.916770 0.691385 hargrave 2016-08-18 11:24:22 
LN2    298.3  32.6 299.3  42.0 4.91E-04 002.3 211.7  12.7 0.995362 1.505293 0.790057 hargrave 2016-08-22 08:54:09 
TT 100 301.5  31.7 302.8  41.0 4.90E-04 000.9 214.5  12.5 0.263975 0.417698 0.598345 hargrave 2016-08-26 15:46:58 
TT 200 302.4  30.3 303.8  39.6 4.80E-04 002.7 215.7  11.4 0.893449 1.646855 1.311327 hargrave 2016-09-12 12:39:19 
TT 300 260.6  23.9 257.9  32.0 3.83E-04 033.5 179.7 -00.1 0.293219 23.93226 8.402780 hargrave 2016-09-13 14:22:38 
TT 300 259.3  23.9 256.6  31.9 3.80E-04 034.5 178.6 -00.1 0.555024 24.74579 8.405635 hargrave 2016-09-14 09:46:40 
TT 300 300.9  30.2 302.2  39.6 4.53E-04 001.0 214.5  11.0 0.306704 0.350348 0.700181 hargrave 2016-09-14 12:46:38 
TT 350 296.3  30.9 297.0  40.3 4.35E-04 001.5 210.4  10.6 0.611382 0.581100 0.937028 hargrave 2016-09-26 17:04:03 
TT 400 297.7  31.1 298.5  40.6 4.19E-04 002.7 211.5  11.2 0.784190 1.547850 1.012036 hargrave 2016-10-04 10:41:14 
TT 425 301.8  29.9 303.2  39.2 4.09E-04 002.2 215.3  10.9 0.813733 1.054894 0.882213 hargrave 2016-10-21 11:27:59 
TT 450 299.6  30.6 300.7  40.0 3.99E-04 002.1 213.3  11.1 0.483156 0.862320 1.195898 hargrave 2016-10-28 11:29:32 
TT 475 298.9  30.5 299.9  39.9 3.90E-04 002.7 212.7  10.8 0.755931 1.415802 0.995101 hargrave 2016-11-03 12:05:44 
TT 500 299.2  30.6 300.2  39.9 3.86E-04 002.8 212.9  10.9 0.631736 1.400905 1.099335 hargrave 2016-11-07 12:21:29 
TT 525 297.9  30.6 298.8  40.0 3.85E-04 001.8 211.8  10.7 0.592578 0.660817 0.828157 hargrave 2016-11-08 20:00:30 
TT 550 300.9  30.0 302.1  39.4 3.79E-04 002.0 214.5  10.8 0.472947 0.984465 0.771115 hargrave 2016-11-09 15:17:49 
TT 560 300.1  29.9 301.3  39.3 3.71E-04 001.1 213.9  10.5 0.370662 0.211365 0.651285 hargrave 2016-11-13 21:33:40 
TT 570 296.8  31.0 297.6  40.4 2.80E-04 001.3 210.8  10.9 0.284696 0.313565 0.489262 hargrave 2016-11-14 23:06:28 
TT 575 297.8  30.9 298.7  40.3 2.80E-04 002.5 211.7  11.0 0.466850 0.999814 0.585659 hargrave 2016-11-16 14:02:55 
TT 580 299.0  31.0 300.1  40.4 2.74E-04 004.0 212.7  11.3 0.749005 1.578940 0.787244 hargrave 2016-11-21 14:34:48 
TT 595 299.7  30.6 300.9  40.0 2.14E-04 001.1 213.4  11.1 0.189392 0.166509 0.349533 hargrave 2016-11-23 13:38:32 
TT 610 297.4  31.5 298.3  40.9 2.11E-04 002.3 211.2  11.4 0.192106 0.617884 0.578130 hargrave 2016-11-30 10:46:33 
TT 625 301.2  30.7 302.5  40.0 1.84E-04 005.0 214.6  11.5 0.975466 1.187888 0.458291 hargrave 2016-12-09 14:46:38 
TT 640 299.2  31.9 300.3  41.3 1.18E-04 002.8 212.6  12.3 0.252239 0.462981 0.263879 hargrave 2016-12-13 18:36:32 
TT 655 295.7  32.7 296.4  42.2 7.49E-05 001.5 209.4  12.3 0.097928 0.065581 0.166608 hargrave 2016-12-15 16:16:28 
TT 665 289.5  33.5 289.3  43.0 3.26E-05 001.3 204.1  11.9 0.041409 0.045103 0.053425 hargrave 2016-12-16 18:11:36 
TT 675 297.3  32.6 298.2  42.0 1.78E-05 002.3 210.8  12.5 0.033556 0.040428 0.056155 hargrave 2016-12-22 12:13:38 
TT 680 305.1  26.2 306.6  35.4 6.41E-06 004.2 219.2  08.2 0.020744 0.029975 0.033598 hargrave 2016-12-22 21:32:38 
