GB10- 3a sun compass orientation
 229.95 241.9  35.0  20.7   9.5   1.0
NRM    293.3  32.0 293.7  41.5 1.03E-03 006.1 148.0  03.1 5.249804 8.758951 4.217088 hargrave 2016-08-17 18:49:19 
NRM    293.0  31.9 293.3  41.3 1.03E-03 006.4 147.7  03.0 5.584515 9.210278 4.270768 hargrave 2016-08-18 11:27:57 
LN2    313.7  36.7 317.2  45.3 1.03E-03 004.5 165.5  03.0 2.008295 6.246791 4.959535 hargrave 2016-08-22 08:57:43 
TT 100 292.2  31.4 292.4  40.9 1.03E-03 004.4 146.9  02.8 3.950423 5.586599 4.134194 hargrave 2016-08-26 15:50:32 
TT 200 300.4  33.3 301.7  42.6 1.03E-03 005.0 154.1  02.3 3.905034 8.023154 1.259742 hargrave 2016-09-12 12:42:53 
TT 300 332.9  34.9 338.2  41.7 8.63E-04 028.6 180.8 -00.1 0.891767 46.93493 2.237009 hargrave 2016-09-13 14:28:30 
TT 300 333.5  34.9 338.8  41.6 8.61E-04 029.0 181.3 -00.1 1.016799 47.69062 2.284848 hargrave 2016-09-14 09:53:21 
TT 300 295.5  31.3 296.1  40.8 9.72E-04 000.8 149.5  01.8 0.482836 0.545275 1.239081 hargrave 2016-09-14 12:53:06 
TT 350 299.4  31.7 300.6  41.0 9.25E-04 001.5 152.8  01.0 1.115943 1.736235 1.421850 hargrave 2016-09-26 17:09:03 
TT 400 300.4  32.2 301.7  41.5 8.68E-04 004.2 153.7  01.3 2.704570 5.636801 1.441787 hargrave 2016-10-04 10:45:43 
TT 425 298.6  31.9 299.7  41.3 8.42E-04 002.7 152.2  01.5 1.727972 3.363504 1.201028 hargrave 2016-10-21 11:31:40 
TT 450 302.9  33.0 304.5  42.3 8.21E-04 004.9 156.0  01.5 3.222637 6.180375 1.322410 hargrave 2016-10-28 11:36:41 
TT 475 298.8  31.2 299.8  40.6 7.66E-04 002.5 152.1  00.7 1.582665 2.738848 1.030746 hargrave 2016-11-03 12:12:57 
TT 500 303.5  33.3 305.3  42.5 7.27E-04 003.0 156.6  01.6 1.086678 3.535552 0.882389 hargrave 2016-11-07 12:25:03 
TT 525 300.7  32.6 302.0  41.9 7.07E-04 001.8 154.1  01.6 1.125378 1.658305 0.985897 hargrave 2016-11-08 20:06:12 
TT 550 299.8  32.4 301.0  41.8 6.28E-04 002.1 153.3  01.7 0.915238 1.928242 0.918425 hargrave 2016-11-09 15:23:19 
TT 560 301.1  33.1 302.5  42.4 5.69E-04 001.5 154.6  02.0 0.363005 1.264579 0.723519 hargrave 2016-11-13 21:39:17 
TT 570 300.4  33.4 301.7  42.7 3.58E-04 002.8 154.1  02.4 0.785155 1.398490 0.661472 hargrave 2016-11-14 23:10:00 
TT 575 303.0  34.1 304.7  43.3 3.53E-04 001.6 156.3  02.5 0.341116 0.799856 0.452196 hargrave 2016-11-16 14:06:30 
TT 580 300.0  33.3 301.3  42.7 3.42E-04 003.1 153.8  02.5 1.032093 1.479408 0.487728 hargrave 2016-11-21 14:40:26 
TT 595 304.1  36.7 306.1  45.9 1.69E-04 001.2 157.9  04.7 0.131022 0.149394 0.312579 hargrave 2016-11-23 13:44:13 
TT 610 301.8  36.0 303.5  45.3 1.67E-04 001.0 156.0  04.6 0.209844 0.221959 0.246863 hargrave 2016-11-30 10:54:56 
TT 625 305.7  38.3 308.2  47.5 1.24E-04 002.9 159.6  06.0 0.209846 0.568350 0.168347 hargrave 2016-12-09 14:52:25 
TT 640 300.7  39.6 302.4  48.9 8.51E-05 002.3 156.2  08.3 0.161274 0.266949 0.147579 hargrave 2016-12-13 18:42:11 
TT 655 301.0  40.6 302.9  49.9 7.21E-05 001.9 156.7  09.2 0.045711 0.143606 0.196258 hargrave 2016-12-15 16:22:01 
TT 665 310.3  43.6 314.2  52.4 1.93E-05 006.0 164.3  10.3 0.064882 0.195482 0.030932 hargrave 2016-12-16 18:17:23 
TT 675 317.1  50.5 323.8  58.8 7.57E-06 005.7 170.3  16.2 0.016483 0.072956 0.016929 hargrave 2016-12-22 12:17:39 
TT 680 253.7  45.2 246.6  52.5 2.99E-06 002.3 127.3  29.9 0.005835 0.004792 0.010956 hargrave 2016-12-22 21:36:46 
