GB3- 4a mag compass orientation (IGRF corrected)
  22.05  98.5  26.0  20.7   9.5   1.0
NRM    301.9  34.6 303.6  43.9 7.83E-04 001.0 273.4  40.9 0.730606 1.140329 0.541853 hargrave 2016-08-17 16:50:54 
NRM    301.2  35.0 302.7  44.3 7.83E-04 001.3 272.4  40.9 1.364080 1.142316 0.592832 hargrave 2016-08-17 19:45:14 
LN2    302.8  34.1 304.6  43.4 7.63E-04 001.7 274.6  40.8 1.912114 0.997941 0.655131 hargrave 2016-08-19 18:33:27 
TT 100 302.4  33.8 304.0  43.1 7.59E-04 001.7 274.4  40.4 1.978071 1.106792 0.469385 hargrave 2016-08-26 13:55:06 
TT 200 302.6  32.6 304.2  41.9 7.50E-04 000.8 275.4  39.4 0.705108 0.965073 0.231445 hargrave 2016-08-31 17:55:53 
TT 300 301.8  32.9 303.3  42.2 7.20E-04 001.9 274.5  39.4 2.280057 0.896095 0.310237 hargrave 2016-09-01 15:25:17 
TT 350 300.9  33.4 302.3  42.8 6.93E-04 001.0 273.3  39.4 0.940944 0.832857 0.301259 hargrave 2016-09-02 14:47:37 
TT 400 301.1  32.3 302.5  41.6 6.66E-04 002.5 274.2  38.5 2.706401 1.266433 0.549261 hargrave 2016-09-08 10:48:56 
TT 425 304.5  30.8 306.2  40.0 6.51E-04 001.5 278.4  38.7 1.417838 1.057166 0.581869 hargrave 2016-09-08 16:58:00 
TT 450 302.8  31.9 304.4  41.1 6.40E-04 001.6 276.1  38.9 1.568973 0.967221 0.459964 hargrave 2016-09-12 10:50:56 
TT 475 302.8  31.9 304.4  41.1 6.28E-04 001.4 276.1  38.9 1.296654 0.951673 0.684803 hargrave 2016-09-12 21:38:00 
TT 500 302.5  31.9 304.1  41.2 6.11E-04 001.1 275.8  38.8 0.860755 0.928081 0.544979 hargrave 2016-09-15 11:34:42 
TT 525 303.6  31.4 305.2  40.7 5.89E-04 001.7 277.1  38.8 1.411116 1.008568 0.676196 hargrave 2016-09-19 17:48:44 
TT 550 302.6  32.0 304.2  41.3 5.44E-04 001.3 275.8  39.0 1.013399 0.956468 0.310320 hargrave 2016-09-22 16:47:05 
TT 560 301.7  32.5 303.1  41.8 5.32E-04 001.6 274.7  38.9 1.313166 0.918736 0.340972 hargrave 2016-09-29 10:27:12 
TT 570 301.9  32.2 303.4  41.5 5.03E-04 001.3 275.1  38.8 0.780553 0.773799 0.571719 hargrave 2016-10-03 17:27:28 
TT 575 302.5  31.9 304.1  41.2 4.89E-04 001.3 275.8  38.8 0.715707 0.755587 0.547776 hargrave 2016-10-08 14:01:58 
TT 580 302.7  31.8 304.3  41.1 4.71E-04 001.1 276.0  38.8 0.581419 0.649175 0.592424 hargrave 2016-10-20 12:04:21 
TT 595 302.1  32.3 303.6  41.5 4.26E-04 002.0 275.2  38.9 1.289207 0.637177 0.549932 hargrave 2016-10-25 00:05:21 
TT 610 302.2  32.0 303.7  41.3 3.95E-04 001.1 275.4  38.8 0.437346 0.520559 0.368701 hargrave 2016-11-07 10:27:39 
TT 625 303.2  31.9 304.8  41.1 3.17E-04 001.2 276.4  39.1 0.490439 0.393532 0.365205 hargrave 2016-11-08 11:50:24 
TT 640 303.4  31.8 305.0  41.1 2.35E-04 001.4 276.7  39.1 0.486490 0.291251 0.300890 hargrave 2016-11-09 10:49:54 
TT 655 303.4  32.0 305.1  41.2 1.41E-04 002.4 276.6  39.3 0.541145 0.188475 0.170644 hargrave 2016-11-10 11:33:13 
TT 665 302.8  33.0 304.5  42.3 9.05E-05 002.0 275.4  39.9 0.285833 0.119588 0.114550 hargrave 2016-11-11 12:31:40 
TT 675 303.5  34.7 305.4  43.9 2.58E-05 002.4 274.8  41.6 0.092815 0.055910 0.033365 hargrave 2016-11-14 19:54:39 
TT 680 301.0  35.7 302.6  45.1 2.26E-05 001.7 271.8  41.4 0.048312 0.050450 0.024437 hargrave 2016-11-15 18:42:17 
