GB3- 2a mag compass orientation (IGRF corrected)
  21.35 289.5  22.0  20.7   9.5   1.0
NRM    298.3  37.5 299.5  46.9 5.96E-04 001.8 113.5  31.3 1.043469 0.803505 1.393176 hargrave 2016-08-17 16:47:42 
NRM    298.4  37.6 299.7  47.0 5.96E-04 001.9 113.6  31.3 1.151212 0.784962 1.396853 hargrave 2016-08-17 19:42:01 
LN2    296.9  36.6 297.9  46.1 5.81E-04 005.6 111.9  31.0 5.274287 1.481940 1.417852 hargrave 2016-08-19 18:30:13 
TT 100 299.5  37.2 301.0  46.5 5.81E-04 001.9 114.3  30.5 1.397875 0.531798 1.195691 hargrave 2016-08-26 13:50:59 
TT 200 299.4  36.4 300.8  45.7 5.73E-04 001.4 113.9  29.8 0.814985 0.577251 1.057246 hargrave 2016-08-31 17:51:51 
TT 300 299.0  35.9 300.2  45.3 5.52E-04 002.0 113.2  29.6 1.300210 1.022201 1.000989 hargrave 2016-09-01 15:22:06 
TT 350 297.4  35.5 298.4  44.9 5.30E-04 001.7 111.7  29.8 0.873337 0.566079 1.245897 hargrave 2016-09-02 14:44:26 
TT 400 298.6  35.8 299.8  45.2 5.07E-04 001.2 112.9  29.6 0.652558 0.495239 0.664435 hargrave 2016-09-08 10:44:50 
TT 425 297.8  35.6 298.9  45.0 4.95E-04 001.4 112.1  29.7 0.966950 0.489304 0.638460 hargrave 2016-09-08 16:54:38 
TT 450 300.3  36.4 301.8  45.7 4.88E-04 001.8 114.6  29.5 1.274401 0.468532 0.633663 hargrave 2016-09-12 10:47:37 
TT 475 299.6  36.1 301.0  45.5 4.77E-04 001.0 113.9  29.5 0.594151 0.402029 0.531560 hargrave 2016-09-12 21:34:32 
TT 500 300.8  36.5 302.4  45.8 4.67E-04 001.0 115.1  29.5 0.442602 0.307154 0.598392 hargrave 2016-09-15 11:31:26 
TT 525 300.9  36.8 302.5  46.1 4.48E-04 001.0 115.3  29.7 0.478222 0.296195 0.512707 hargrave 2016-09-19 17:44:42 
TT 550 299.3  35.8 300.6  45.2 4.15E-04 003.6 113.5  29.4 2.395965 0.970948 0.554075 hargrave 2016-09-22 16:43:49 
TT 560 299.2  35.8 300.5  45.2 4.03E-04 002.0 113.4  29.4 1.275340 0.432199 0.563917 hargrave 2016-09-29 10:22:55 
TT 570 300.3  36.6 301.8  45.9 3.83E-04 003.6 114.7  29.7 2.141828 1.014645 0.412462 hargrave 2016-10-03 17:24:10 
TT 575 298.2  35.8 299.4  45.2 3.72E-04 002.2 112.6  29.7 1.198047 0.645100 0.469849 hargrave 2016-10-08 13:58:02 
TT 580 299.8  36.4 301.2  45.7 3.55E-04 001.9 114.1  29.8 1.023560 0.506150 0.368980 hargrave 2016-10-20 12:00:10 
TT 595 301.5  36.9 303.2  46.2 3.21E-04 002.4 115.9  29.6 1.159375 0.607978 0.284347 hargrave 2016-10-25 00:02:11 
TT 610 299.4  36.0 300.8  45.4 2.87E-04 002.7 113.7  29.5 1.231629 0.556197 0.276597 hargrave 2016-11-07 10:23:32 
TT 625 299.5  36.4 300.8  45.8 2.47E-04 001.6 113.9  29.9 0.607017 0.297606 0.213886 hargrave 2016-11-08 11:47:11 
TT 640 300.3  36.8 301.8  46.1 1.99E-04 001.3 114.8  29.9 0.372045 0.226396 0.170983 hargrave 2016-11-09 10:45:46 
TT 655 301.2  37.0 302.9  46.3 1.26E-04 003.3 115.7  29.8 0.591051 0.403589 0.136633 hargrave 2016-11-10 11:29:04 
TT 665 301.5  36.8 303.2  46.1 7.82E-05 001.1 115.8  29.5 0.105711 0.090873 0.082778 hargrave 2016-11-11 12:27:32 
TT 675 306.1  36.3 308.5  45.4 2.06E-05 001.0 119.5  27.6 0.030819 0.021683 0.015004 hargrave 2016-11-14 19:50:35 
TT 680 300.5  35.5 301.9  44.8 2.04E-05 002.9 114.3  28.7 0.092893 0.043933 0.016463 hargrave 2016-11-15 18:38:15 
