GB3- 6a mag compass orientation (IGRF corrected)
   22.2 250.5  20.0  20.7   9.5   1.0
NRM    294.9  32.8 295.5  42.3 9.93E-04 004.8 140.9  17.9 3.805474 6.312576 4.095423 hargrave 2016-08-17 17:01:58 
NRM    295.3  33.0 295.9  42.4 9.94E-04 004.5 141.2  18.0 3.423692 5.776416 3.930205 hargrave 2016-08-17 19:50:51 
LN2    302.8  34.2 304.5  43.5 9.75E-04 002.6 147.9  17.7 1.087794 1.951087 3.921726 hargrave 2016-08-19 18:38:57 
TT 100 300.2  33.1 301.5  42.5 9.66E-04 002.5 145.5  17.2 1.328443 1.585129 3.750143 hargrave 2016-08-26 14:00:42 
TT 200 299.8  32.6 301.0  42.0 9.52E-04 002.9 145.0  16.7 1.307441 2.798257 3.676362 hargrave 2016-08-31 18:00:35 
TT 300 298.2  32.0 299.2  41.4 9.12E-04 003.5 143.5  16.5 1.855716 3.676359 3.698680 hargrave 2016-09-01 15:31:43 
TT 350 299.8  32.3 301.0  41.6 8.73E-04 002.9 144.9  16.4 1.221936 2.610441 3.410133 hargrave 2016-09-02 14:53:11 
TT 400 299.0  32.4 300.1  41.8 8.32E-04 001.7 144.3  16.7 1.263811 1.840577 1.213485 hargrave 2016-09-08 10:53:47 
TT 425 299.2  32.3 300.3  41.7 8.13E-04 002.0 144.4  16.6 1.428525 2.169275 1.187539 hargrave 2016-09-08 17:02:41 
TT 450 302.1  32.9 303.7  42.2 7.98E-04 002.6 147.1  16.6 1.874293 3.009820 1.055573 hargrave 2016-09-12 10:56:45 
TT 475 301.5  33.0 303.0  42.3 7.78E-04 001.8 146.6  16.8 1.384846 1.385422 1.552654 hargrave 2016-09-12 21:43:50 
TT 500 303.4  33.2 305.1  42.4 7.55E-04 001.5 148.2  16.6 0.830409 1.414601 1.050447 hargrave 2016-09-15 11:40:33 
TT 525 300.3  32.7 301.6  42.0 7.25E-04 002.5 145.5  16.7 1.433229 2.544786 1.389228 hargrave 2016-09-19 17:55:19 
TT 550 300.0  32.6 301.2  42.0 6.72E-04 002.9 145.2  16.7 1.784330 2.755201 1.099684 hargrave 2016-09-22 16:52:02 
TT 560 300.2  32.5 301.5  41.9 6.60E-04 003.1 145.3  16.6 1.907595 2.850744 1.128721 hargrave 2016-09-29 10:33:57 
TT 570 300.2  32.7 301.5  42.1 6.21E-04 004.2 145.4  16.7 2.316612 3.729300 1.102028 hargrave 2016-10-03 17:32:20 
TT 575 303.3  33.5 305.1  42.7 6.08E-04 003.5 148.2  16.9 1.846311 3.126311 0.956531 hargrave 2016-10-08 14:06:42 
TT 580 302.9  33.4 304.6  42.6 5.94E-04 001.4 147.8  16.9 0.570079 0.810981 1.043262 hargrave 2016-10-20 12:10:07 
TT 595 299.9  32.8 301.2  42.1 5.44E-04 004.7 145.1  16.9 2.264228 3.720185 1.050057 hargrave 2016-10-25 00:11:00 
TT 610 299.8  32.6 301.0  42.0 5.03E-04 003.8 145.0  16.8 1.805223 2.744171 0.683883 hargrave 2016-11-07 10:33:09 
TT 625 301.4  33.0 302.8  42.3 4.20E-04 002.4 146.4  16.8 0.805816 1.406195 0.751001 hargrave 2016-11-08 11:56:07 
TT 640 299.7  32.8 301.0  42.2 3.22E-04 001.5 145.0  17.0 0.407807 0.344364 0.662648 hargrave 2016-11-09 10:55:42 
TT 655 298.1  32.6 299.1  42.0 2.10E-04 001.7 143.5  17.1 0.351999 0.436078 0.343612 hargrave 2016-11-10 11:36:55 
TT 665 299.7  32.7 300.9  42.1 1.31E-04 004.2 144.9  16.9 0.539957 0.772988 0.253990 hargrave 2016-11-11 12:38:24 
TT 675 301.9  32.9 303.4  42.2 4.80E-05 002.5 146.8  16.6 0.120298 0.158312 0.107566 hargrave 2016-11-14 20:00:23 
TT 680 300.6  32.6 301.9  42.0 2.58E-05 003.1 145.6  16.6 0.069481 0.105997 0.072527 hargrave 2016-11-15 18:47:07 
