GB3- 7a mag compass orientation (IGRF corrected)
  22.15 135.5  24.0  20.7   9.5   1.0
NRM    300.4  34.9 301.8  44.3 6.07E-04 001.1 241.6  25.9 0.780919 0.714392 0.656243 hargrave 2016-08-17 17:03:33 
NRM    300.5  34.8 302.0  44.1 6.07E-04 001.0 241.8  25.8 0.666134 0.755005 0.696444 hargrave 2016-08-17 19:52:26 
LN2    301.2  34.7 302.7  44.1 5.96E-04 001.2 242.3  26.0 0.720212 0.642060 0.913562 hargrave 2016-08-19 18:40:33 
TT 100 300.6  34.5 302.0  43.8 5.91E-04 001.0 241.9  25.5 0.656736 0.624032 0.681251 hargrave 2016-08-26 14:02:21 
TT 200 301.1  33.9 302.6  43.2 5.82E-04 001.6 242.7  25.2 1.286944 0.509795 0.845743 hargrave 2016-08-31 18:03:01 
TT 300 300.4  34.2 301.8  43.5 5.58E-04 002.3 242.0  25.2 1.948944 0.768382 0.767798 hargrave 2016-09-01 15:33:19 
TT 350 299.0  34.8 300.3  44.2 5.34E-04 002.8 240.5  25.3 2.308496 1.050795 0.720144 hargrave 2016-09-02 14:54:47 
TT 400 299.3  34.1 300.5  43.5 5.14E-04 001.2 241.0  24.8 0.819100 0.574885 0.516954 hargrave 2016-09-08 10:55:05 
TT 425 299.7  34.0 301.0  43.4 5.02E-04 001.0 241.5  24.8 0.556566 0.490386 0.528518 hargrave 2016-09-08 17:03:58 
TT 450 300.8  33.3 302.2  42.6 4.95E-04 002.6 242.7  24.6 1.899193 1.225744 0.408954 hargrave 2016-09-12 10:58:20 
TT 475 299.7  33.8 301.0  43.1 4.85E-04 000.9 241.6  24.6 0.520973 0.575842 0.504191 hargrave 2016-09-12 21:45:33 
TT 500 301.6  33.3 303.1  42.6 4.72E-04 000.8 243.4  24.8 0.473446 0.324678 0.465357 hargrave 2016-09-15 11:45:43 
TT 525 301.0  33.6 302.5  43.0 4.54E-04 001.2 242.8  24.9 0.718669 0.467311 0.454827 hargrave 2016-09-19 17:56:55 
TT 550 300.7  33.9 302.1  43.3 4.28E-04 002.7 242.3  25.1 1.752419 0.995026 0.438926 hargrave 2016-09-22 16:53:42 
TT 560 299.0  34.4 300.2  43.8 4.23E-04 001.7 240.7  24.9 0.901289 0.814034 0.480042 hargrave 2016-09-29 10:36:24 
TT 570 299.0  34.0 300.2  43.3 4.03E-04 002.4 240.9  24.5 1.408322 0.942740 0.430792 hargrave 2016-10-03 17:33:55 
TT 575 300.6  33.3 301.9  42.6 3.95E-04 001.3 242.5  24.4 0.640569 0.549265 0.455809 hargrave 2016-10-08 14:09:05 
TT 580 300.1  33.5 301.4  42.8 3.86E-04 001.6 242.0  24.4 0.858014 0.643968 0.366196 hargrave 2016-10-20 12:12:36 
TT 595 302.3  32.9 303.9  42.2 3.54E-04 002.5 244.2  24.7 1.354131 0.671485 0.395480 hargrave 2016-10-25 00:12:35 
TT 610 301.0  33.1 302.4  42.4 3.22E-04 001.9 242.9  24.4 0.857388 0.567377 0.291722 hargrave 2016-11-07 10:35:36 
TT 625 300.7  33.1 302.0  42.4 2.57E-04 001.0 242.7  24.3 0.289197 0.275488 0.214455 hargrave 2016-11-08 11:58:31 
TT 640 301.6  32.8 303.1  42.1 1.80E-04 002.7 243.6  24.4 0.705408 0.438668 0.160295 hargrave 2016-11-09 10:58:09 
TT 655 298.6  34.5 299.7  43.9 1.06E-04 000.9 240.3  24.8 0.143002 0.088752 0.101869 hargrave 2016-11-10 11:39:24 
TT 665 300.1  33.6 301.5  43.0 6.32E-05 001.2 242.0  24.6 0.081116 0.127118 0.059028 hargrave 2016-11-11 12:40:49 
TT 675 299.0  34.3 300.2  43.7 2.19E-05 001.6 240.7  24.8 0.052934 0.044552 0.018706 hargrave 2016-11-14 20:02:47 
TT 680 290.7  34.7 290.7  44.2 1.06E-05 001.6 233.8  22.3 0.020194 0.027336 0.012774 hargrave 2016-11-15 18:49:36 
