GB18- 8a sun compass orientation
 248.95 158.8  51.0  20.7   9.5   1.0
NRM    299.6  42.3 301.3  51.7 3.58E-03 003.5 215.0  03.4 11.99311 18.19650 3.691940 hargrave 2016-09-01 11:18:20 
LN2    298.2  41.9 299.6  51.3 3.44E-03 003.1 214.4  02.5 8.664564 13.94887 8.890003 hargrave 2016-09-04 18:53:15 
TT 100 300.3  39.9 302.0  49.3 3.46E-03 001.5 216.9  01.9 1.901103 3.970809 8.367121 hargrave 2016-11-16 16:44:33 
TT 200 299.9  39.2 301.5  48.6 3.44E-03 001.9 217.1  01.2 6.068800 6.048511 7.776555 hargrave 2016-11-21 16:45:13 
TT 300 298.3  40.0 299.7  49.5 3.33E-03 003.7 215.6  01.1 11.82585 15.22693 9.502170 hargrave 2016-12-09 23:24:04 
TT 350 304.0  37.0 306.1  46.2 3.16E-03 003.4 221.0  01.4 9.442682 13.57230 8.885330 hargrave 2016-12-17 14:04:12 
TT 400 301.6  39.2 303.4  48.5 3.07E-03 001.8 218.1  01.9 5.744491 6.680694 4.436065 hargrave 2017-01-05 12:27:08 
TT 425 299.2  40.9 300.8  50.3 2.96E-03 003.1 215.6  02.2 9.339308 12.51280 4.160731 hargrave 2017-01-06 15:59:53 
TT 450 302.9  38.7 305.0  47.9 2.93E-03 001.8 219.3  02.2 5.153917 6.616383 3.742643 hargrave 2017-01-09 17:03:52 
TT 475 304.0  38.6 306.3  47.8 2.90E-03 001.4 220.0  02.7 4.088172 4.785411 3.468574 hargrave 2017-01-10 17:06:58 
TT 500 304.0  38.2 306.2  47.4 2.86E-03 001.2 220.2  02.3 2.882745 3.700453 3.949270 hargrave 2017-01-11 19:43:22 
TT 525 300.2  39.6 301.9  48.9 2.81E-03 002.8 217.1  01.6 5.880914 6.206011 10.85370 hargrave 2017-01-15 19:10:35 
TT 550 303.1  38.0 305.1  47.3 2.74E-03 002.7 219.8  01.7 5.822410 8.559655 7.977048 hargrave 2017-01-18 14:48:12 
TT 560 301.2  39.4 303.0  48.7 2.70E-03 002.8 217.8  01.9 4.037749 6.595006 10.56981 hargrave 2017-01-19 01:21:22 
TT 570 300.7  39.6 302.5  49.0 2.67E-03 002.0 217.3  01.8 2.284282 4.191248 8.063153 hargrave 2017-01-19 16:15:23 
TT 575 302.4  38.6 304.3  47.9 2.65E-03 002.0 219.0  01.8 2.435899 4.741245 7.748159 hargrave 2017-01-20 14:11:25 
TT 580 302.4  39.0 304.3  48.3 2.64E-03 002.5 218.7  02.2 1.542719 2.311488 11.38872 hargrave 2017-01-22 13:38:34 
TT 595 300.3  39.6 302.0  49.0 2.62E-03 002.9 217.1  01.7 7.236388 8.486136 7.366023 hargrave 2017-02-01 16:28:50 
TT 610 300.8  39.8 302.6  49.1 2.54E-03 002.9 217.3  02.0 5.309106 8.507478 8.082992 hargrave 2017-02-02 15:23:48 
TT 625 301.5  39.7 303.4  49.0 2.41E-03 002.0 217.8  02.3 2.631640 2.142320 7.660488 hargrave 2017-02-06 14:14:20 
TT 640 297.8  42.2 299.2  51.6 2.27E-03 002.8 214.1  02.5 4.177334 4.803411 9.016970 hargrave 2017-02-08 12:37:18 
TT 655 299.4  42.1 301.1  51.5 1.84E-03 003.9 215.0  03.2 6.629172 8.404856 6.472161 hargrave 2017-02-08 22:04:24 
TT 665 300.6  42.2 302.6  51.6 1.52E-03 002.2 215.7  03.9 1.149872 2.518025 5.186795 hargrave 2017-02-09 15:14:48 
TT 675 298.1  43.9 299.6  53.3 1.39E-03 005.6 213.2  04.0 7.500948 10.04340 5.188138 hargrave 2017-02-13 17:57:38 
TT 680 303.7  41.1 306.1  50.4 7.26E-04 004.8 218.2  04.5 3.768363 4.201554 2.258761 hargrave 2017-02-14 22:39:20 
