GB18- 2a sun compass orientation
  247.4 218.8  61.0  20.7   9.5   1.0
NRM    308.8  35.7 311.5  44.6 2.46E-03 001.0 180.0 -25.3 2.465901 3.032898 2.867015 hargrave 2016-09-01 11:06:16 
LN2    306.4  35.7 308.7  44.8 2.39E-03 001.4 177.8 -25.3 2.569362 2.286408 4.995547 hargrave 2016-09-04 18:38:38 
TT 100 307.8  35.7 310.3  44.7 2.38E-03 003.6 179.1 -25.3 2.512792 13.99809 4.836254 hargrave 2016-11-16 16:28:44 
TT 200 306.3  34.3 308.5  43.4 2.29E-03 004.1 177.7 -26.6 2.369844 15.42645 4.745969 hargrave 2016-11-21 16:34:32 
TT 300 307.2  34.0 309.5  43.0 2.12E-03 003.1 178.5 -27.0 2.883187 9.693984 5.261426 hargrave 2016-12-09 23:15:02 
TT 350 307.1  33.8 309.4  42.8 1.90E-03 004.2 178.4 -27.2 3.020836 13.11808 4.172077 hargrave 2016-12-17 13:44:28 
TT 400 306.8  33.4 309.0  42.5 1.82E-03 003.7 178.1 -27.6 1.863603 11.33314 2.346534 hargrave 2017-01-05 12:17:57 
TT 425 309.6  33.6 312.1  42.5 1.66E-03 001.2 180.7 -27.4 1.769471 2.184437 2.303132 hargrave 2017-01-06 15:50:45 
TT 450 309.4  33.7 311.9  42.6 1.61E-03 001.6 180.5 -27.3 1.974382 3.673587 2.303182 hargrave 2017-01-09 16:53:59 
TT 475 311.3  33.8 314.1  42.6 1.54E-03 003.0 182.3 -27.2 2.045265 7.475300 2.374828 hargrave 2017-01-10 16:58:04 
TT 500 308.1  33.6 310.4  42.6 1.48E-03 001.6 179.3 -27.4 1.792490 3.644437 1.716026 hargrave 2017-01-11 19:35:09 
TT 525 310.7  34.1 313.5  42.9 1.39E-03 003.1 181.8 -26.9 3.242386 4.923243 5.071877 hargrave 2017-01-15 19:00:50 
TT 550 309.4  34.4 312.1  43.4 1.22E-03 003.1 180.6 -26.6 1.470299 5.959392 2.485683 hargrave 2017-01-18 14:39:19 
TT 560 309.4  34.6 312.0  43.5 1.12E-03 002.6 180.5 -26.4 2.228725 2.782171 3.813564 hargrave 2017-01-19 01:12:11 
TT 570 310.4  35.0 313.2  43.8 9.97E-04 002.7 181.4 -26.0 1.197356 4.078329 2.050804 hargrave 2017-01-19 16:06:30 
TT 575 312.8  35.0 315.9  43.7 9.41E-04 002.0 183.6 -25.9 1.243955 2.199788 2.195004 hargrave 2017-01-20 14:00:43 
TT 580 308.3  35.2 310.9  44.2 9.11E-04 003.1 179.6 -25.8 1.597651 3.556666 3.227683 hargrave 2017-01-22 13:29:31 
TT 595 308.0  35.2 310.5  44.2 8.76E-04 004.7 179.3 -25.8 1.111662 6.898150 2.115783 hargrave 2017-02-01 16:20:00 
TT 610 309.9  35.6 312.7  44.5 7.63E-04 001.7 181.0 -25.4 1.058888 0.924191 1.845290 hargrave 2017-02-02 15:14:56 
TT 625 312.8  36.2 316.1  44.9 5.81E-04 003.3 183.6 -24.7 0.815624 2.918190 1.374843 hargrave 2017-02-06 14:07:12 
TT 640 309.7  36.5 312.6  45.4 4.76E-04 002.0 180.8 -24.5 0.682480 1.196243 1.051972 hargrave 2017-02-08 12:29:18 
TT 655 312.7  38.0 316.1  46.7 3.37E-04 003.4 183.3 -22.9 0.319470 1.862545 0.642857 hargrave 2017-02-08 21:56:23 
TT 665 310.9  40.5 314.5  49.4 2.07E-04 001.9 181.7 -20.4 0.205727 0.515762 0.425101 hargrave 2017-02-09 15:05:42 
TT 675 311.8  43.5 315.9  52.3 1.47E-04 002.8 182.2 -17.4 0.123439 0.609219 0.343217 hargrave 2017-02-13 17:47:04 
TT 680 315.5  44.7 320.6  53.2 8.07E-05 004.1 185.0 -16.0 0.042932 0.564632 0.148837 hargrave 2017-02-14 22:29:39 
