GB18- 3a sun compass orientation
  247.4 151.6  64.0  20.7   9.5   1.0
NRM    307.6  36.4 310.2  45.4 1.74E-03 000.9 227.4 -01.9 1.883004 1.658795 1.336038 hargrave 2016-09-01 11:07:45 
LN2    306.0  37.1 308.4  46.2 1.68E-03 001.8 226.1 -02.6 2.478577 2.072269 4.255747 hargrave 2016-09-04 18:41:00 
TT 100 307.8  35.4 310.4  44.4 1.65E-03 003.3 228.3 -02.4 6.229698 5.248844 4.840843 hargrave 2016-11-16 16:30:32 
TT 200 306.2  34.6 308.4  43.7 1.58E-03 001.7 228.2 -04.0 1.460347 1.281103 4.279417 hargrave 2016-11-21 16:36:19 
TT 300 310.1  29.5 312.4  38.4 1.45E-03 001.8 234.3 -04.0 2.941750 2.055214 3.020473 hargrave 2016-12-09 23:16:39 
TT 350 307.9  34.2 310.3  43.3 1.30E-03 001.6 229.3 -03.0 0.997264 1.272706 3.313087 hargrave 2016-12-17 13:45:59 
TT 400 309.4  33.2 311.9  42.2 1.25E-03 005.4 230.8 -02.5 9.186674 7.342369 2.201682 hargrave 2017-01-05 12:19:36 
TT 425 310.3  33.5 313.0  42.4 1.13E-03 002.1 231.0 -01.7 3.255350 2.417644 1.471645 hargrave 2017-01-06 15:52:24 
TT 450 310.4  33.8 313.1  42.7 1.09E-03 002.3 230.8 -01.5 3.243253 2.676607 1.524731 hargrave 2017-01-09 16:55:36 
TT 475 310.2  34.2 312.9  43.1 1.05E-03 002.1 230.3 -01.4 2.844495 2.450999 1.072398 hargrave 2017-01-10 16:59:38 
TT 500 310.7  33.6 313.5  42.5 1.00E-03 001.8 231.1 -01.4 2.144783 1.993824 1.324775 hargrave 2017-01-11 19:36:33 
TT 525 307.7  35.9 310.2  44.9 9.37E-04 003.7 227.8 -02.2 3.843974 3.492226 3.259350 hargrave 2017-01-15 19:02:26 
TT 550 308.0  35.7 310.6  44.8 8.25E-04 002.4 228.1 -02.1 2.003635 1.751933 2.252223 hargrave 2017-01-18 14:40:53 
TT 560 308.9  34.7 311.5  43.6 7.59E-04 001.9 229.4 -02.0 0.803736 0.673768 2.359165 hargrave 2017-01-19 01:13:48 
TT 570 308.0  36.2 310.6  45.2 6.74E-04 002.5 227.7 -01.8 1.671466 1.562569 1.889201 hargrave 2017-01-19 16:08:04 
TT 575 308.1  36.5 310.7  45.5 6.31E-04 003.4 227.5 -01.6 2.413660 2.190193 1.835321 hargrave 2017-01-20 14:02:26 
TT 580 307.5  37.2 310.2  46.2 6.13E-04 003.0 226.7 -01.6 1.538401 1.710068 2.256537 hargrave 2017-01-22 13:31:08 
TT 595 309.7  34.1 312.3  43.0 5.98E-04 003.3 230.2 -01.8 2.346149 1.970894 1.594435 hargrave 2017-02-01 16:21:33 
TT 610 308.1  36.7 310.7  45.7 5.51E-04 002.0 227.4 -01.5 0.823503 0.762426 1.579210 hargrave 2017-02-02 15:16:29 
TT 625 308.1  36.9 310.8  45.9 4.85E-04 001.8 227.2 -01.3 0.603908 0.399459 1.340637 hargrave 2017-02-06 14:08:27 
TT 640 308.0  37.0 310.7  46.0 4.28E-04 004.1 227.0 -01.3 2.060588 1.957568 1.211362 hargrave 2017-02-08 12:30:35 
TT 655 309.7  36.3 312.5  45.2 3.20E-04 003.4 228.4 -00.7 1.328883 1.160638 0.728830 hargrave 2017-02-08 21:57:38 
TT 665 307.2  40.0 310.0  49.0 2.04E-04 002.0 224.2 -00.2 0.359030 0.446973 0.438688 hargrave 2017-02-09 15:06:59 
TT 675 307.7  40.5 310.7  49.5 1.43E-04 004.6 224.1  00.4 0.778855 0.752284 0.360291 hargrave 2017-02-13 17:48:35 
TT 680 309.4  41.4 312.9  50.3 7.04E-05 003.0 224.0  02.0 0.225265 0.268058 0.130051 hargrave 2017-02-14 22:31:10 
