GB14- 4a sun compass orientation
 237.05 165.6  12.0  20.7   9.5   1.0
NRM    296.0  37.7 296.8  47.1 1.52E-03 001.4 215.6  28.2 1.087691 2.712273 2.621253 hargrave 2016-09-01 10:17:31 
LN2    294.3  37.2 294.9  46.7 1.49E-03 001.2 214.2  27.5 1.839237 2.330519 1.814604 hargrave 2016-09-04 17:47:54 
TT 100 296.2  37.0 297.1  46.4 1.48E-03 002.0 215.9  27.5 3.143167 3.733229 2.024720 hargrave 2016-11-16 15:05:41 
TT 200 293.8  36.4 294.3  45.8 1.46E-03 001.3 213.9  26.6 1.626571 1.660095 2.447271 hargrave 2016-11-21 15:42:10 
TT 300 298.3  35.3 299.5  44.7 1.41E-03 003.8 218.1  26.1 5.660309 7.332314 1.571434 hargrave 2016-12-09 22:22:24 
TT 350 292.4  35.9 292.7  45.4 1.31E-03 001.3 212.7  26.0 1.683915 1.401508 2.042462 hargrave 2016-12-16 11:05:45 
TT 350 292.8  35.6 293.1  45.1 1.31E-03 001.3 213.1  25.8 1.867941 1.704941 1.793491 hargrave 2016-12-16 11:50:04 
TT 400 296.9  36.4 297.8  45.8 1.26E-03 001.1 216.6  27.0 1.265221 1.686264 1.333159 hargrave 2017-01-05 11:26:41 
TT 425 292.6  36.7 292.9  46.2 1.18E-03 003.5 212.7  26.9 4.599568 5.160747 2.287324 hargrave 2017-01-06 15:00:18 
TT 450 294.5  36.8 295.1  46.3 1.15E-03 003.3 214.4  27.2 4.091021 4.829728 1.882805 hargrave 2017-01-09 16:02:13 
TT 475 293.9  36.7 294.5  46.2 1.10E-03 003.1 213.9  27.0 3.515008 4.618067 1.547691 hargrave 2017-01-10 16:11:21 
TT 500 294.8  36.5 295.4  46.0 1.05E-03 002.2 214.7  26.9 2.576628 2.417253 1.996561 hargrave 2017-01-11 18:51:17 
TT 525 296.4  35.2 297.3  44.6 9.82E-04 001.9 216.4  25.8 1.129233 2.609802 1.731523 hargrave 2017-01-15 18:09:13 
TT 550 295.2  35.2 295.9  44.7 9.09E-04 002.3 215.3  25.7 1.034538 2.863621 2.145157 hargrave 2017-01-18 13:50:44 
TT 560 296.7  35.1 297.6  44.5 8.76E-04 001.8 216.6  25.7 0.840963 2.115248 1.625525 hargrave 2017-01-19 00:20:23 
TT 570 296.3  35.1 297.1  44.5 8.39E-04 001.6 216.3  25.6 1.316295 1.050742 1.790888 hargrave 2017-01-19 15:17:00 
TT 575 295.4  35.4 296.1  44.9 8.08E-04 002.1 215.4  25.9 0.794284 2.242901 1.907859 hargrave 2017-01-20 13:09:39 
TT 580 297.3  35.1 298.3  44.5 7.91E-04 002.0 217.2  25.8 0.717785 2.230520 1.508436 hargrave 2017-01-22 12:38:11 
TT 595 294.9  35.3 295.6  44.8 7.54E-04 002.1 215.0  25.8 1.855227 1.116304 1.800475 hargrave 2017-02-01 15:35:17 
TT 610 293.3  35.4 293.7  44.9 5.73E-04 005.0 213.5  25.6 3.257759 3.532305 1.366048 hargrave 2017-02-02 14:30:06 
TT 625 295.9  35.5 296.7  44.9 3.38E-04 002.5 215.9  26.0 1.055929 0.771145 0.802594 hargrave 2017-02-06 13:30:03 
TT 640 295.0  36.2 295.6  45.7 2.50E-04 001.6 214.9  26.6 0.422253 0.405145 0.490996 hargrave 2017-02-08 11:49:36 
TT 655 292.3  37.5 292.6  47.0 1.76E-04 001.8 212.3  27.6 0.419448 0.224834 0.309599 hargrave 2017-02-08 21:15:27 
TT 665 294.9  37.3 295.6  46.7 1.47E-04 001.4 214.7  27.7 0.164244 0.223509 0.257080 hargrave 2017-02-09 14:29:35 
TT 675 295.8  37.7 296.7  47.2 1.34E-04 001.5 215.4  28.2 0.227927 0.145557 0.239324 hargrave 2017-02-13 16:59:15 
TT 680 299.5  36.3 300.8  45.7 1.01E-04 001.5 218.9  27.3 0.086891 0.182503 0.180981 hargrave 2017-02-14 21:42:22 
