GB14- 1a sun compass orientation
  236.8 139.0  49.0  20.7   9.5   1.0
NRM    297.3  39.0 298.5  48.4 1.51E-03 002.0 227.4  11.3 3.221235 2.620679 3.266017 hargrave 2016-09-01 10:11:53 
LN2    297.5  38.7 298.7  48.1 1.48E-03 003.9 227.7  11.2 7.359832 6.615423 1.652352 hargrave 2016-09-04 17:43:01 
TT 100 296.0  39.2 296.9  48.6 1.47E-03 002.3 226.6  10.7 4.142520 4.080362 1.608973 hargrave 2016-11-16 15:01:12 
TT 200 297.9  35.9 299.0  45.3 1.43E-03 002.0 230.0  09.5 3.530822 3.052522 1.554364 hargrave 2016-11-21 15:37:43 
TT 300 296.7  36.2 297.6  45.6 1.38E-03 000.7 229.1  09.0 0.752793 0.732446 1.422315 hargrave 2016-12-09 22:17:24 
TT 350 294.3  38.6 295.0  48.0 1.28E-03 004.5 226.1  09.4 7.069580 6.824092 1.929684 hargrave 2016-12-16 11:01:03 
TT 350 294.3  38.6 294.9  48.0 1.28E-03 004.5 226.1  09.4 7.066158 6.865907 1.959434 hargrave 2016-12-16 11:45:22 
TT 400 295.6  37.7 296.4  47.2 1.22E-03 004.8 227.4  09.5 7.406612 6.902185 1.283056 hargrave 2017-01-05 11:21:50 
TT 425 298.0  35.8 299.1  45.2 1.18E-03 002.8 230.1  09.4 4.207553 3.324323 1.949676 hargrave 2017-01-06 14:55:13 
TT 450 298.3  35.7 299.5  45.1 1.15E-03 003.6 230.4  09.6 5.414645 4.612059 1.437165 hargrave 2017-01-09 15:57:11 
TT 475 297.9  36.0 299.0  45.4 1.12E-03 002.6 229.9  09.5 3.664647 3.358102 1.125620 hargrave 2017-01-10 16:05:45 
TT 500 296.4  36.8 297.3  46.2 1.08E-03 004.1 228.5  09.2 5.643735 5.307729 1.584781 hargrave 2017-01-11 18:47:02 
TT 525 295.0  37.0 295.7  46.5 1.03E-03 003.2 227.6  08.6 4.034505 4.098998 1.373079 hargrave 2017-01-15 18:04:05 
TT 550 299.2  33.1 300.4  42.5 9.81E-04 000.8 232.8  08.3 0.875118 0.662719 1.067571 hargrave 2017-01-18 13:45:58 
TT 560 296.2  35.9 297.1  45.3 9.59E-04 001.9 229.1  08.5 2.109637 2.295702 1.244825 hargrave 2017-01-19 00:14:26 
TT 570 297.7  34.7 298.7  44.1 9.31E-04 003.2 230.8  08.5 3.789593 3.455118 1.314282 hargrave 2017-01-19 15:12:14 
TT 575 296.8  34.8 297.7  44.3 9.14E-04 002.9 230.1  08.1 3.188427 3.272543 1.199375 hargrave 2017-01-20 13:05:13 
TT 580 298.1  34.4 299.2  43.8 8.98E-04 003.7 231.2  08.5 4.105882 3.919590 1.186446 hargrave 2017-01-22 12:33:10 
TT 595 296.2  35.5 297.0  44.9 8.15E-04 002.9 229.3  08.2 3.274132 2.245359 1.165307 hargrave 2017-02-01 15:30:33 
TT 610 295.6  36.2 296.3  45.6 4.38E-04 005.2 228.5  08.3 3.088401 2.431144 0.655460 hargrave 2017-02-02 14:25:17 
TT 625 298.2  35.0 299.4  44.4 2.79E-04 001.7 230.8  09.1 0.755507 0.380633 0.351734 hargrave 2017-02-06 13:26:12 
TT 640 298.7  34.7 299.9  44.1 2.21E-04 001.6 231.3  09.1 0.447126 0.422207 0.236639 hargrave 2017-02-08 11:45:35 
TT 655 298.9  35.1 300.1  44.5 1.96E-04 000.7 231.2  09.5 0.159674 0.208379 0.203528 hargrave 2017-02-08 21:11:45 
TT 665 297.7  35.7 298.7  45.1 1.74E-04 000.9 230.1  09.2 0.117292 0.216745 0.189793 hargrave 2017-02-09 14:25:49 
TT 675 297.7  36.3 298.8  45.7 1.53E-04 002.6 229.6  09.6 0.565922 0.391942 0.192634 hargrave 2017-02-13 16:54:24 
TT 680 300.6  33.4 301.9  42.8 1.09E-04 001.9 233.3  09.3 0.277603 0.207038 0.119893 hargrave 2017-02-14 21:37:34 
