GB17- 2a sun compass orientation
    245 327.7  21.0  20.7   9.5   1.0
NRM    299.4  36.5 300.7  45.9 5.42E-04 002.1 078.6  43.8 1.844482 0.707609 0.472246 hargrave 2016-09-01 10:54:31 
LN2    300.3  37.7 301.9  47.0 5.14E-04 001.2 080.2  44.5 0.618155 0.634539 0.714611 hargrave 2016-09-04 18:26:45 
TT 100 298.0  36.9 299.2  46.3 5.07E-04 007.0 077.4  44.6 6.108179 1.339228 0.532883 hargrave 2016-11-16 16:18:30 
TT 200 300.4  36.9 301.9  46.2 5.01E-04 003.5 079.8  43.8 2.908231 0.785751 0.556028 hargrave 2016-11-21 16:22:44 
TT 300 300.1  36.3 301.5  45.7 4.73E-04 002.6 079.2  43.4 1.957030 0.654265 0.629810 hargrave 2016-12-09 23:04:15 
TT 350 298.5  35.3 299.6  44.7 4.35E-04 001.8 077.0  43.0 0.984953 1.019103 0.469323 hargrave 2016-12-17 13:34:55 
TT 400 300.9  35.1 302.4  44.4 4.19E-04 001.5 079.3  42.0 0.749147 0.481842 0.697574 hargrave 2017-01-05 12:06:06 
TT 425 301.5  35.3 303.1  44.6 3.99E-04 001.5 079.9  41.9 0.638946 0.465459 0.664190 hargrave 2017-01-06 15:39:39 
TT 450 301.3  34.9 302.8  44.2 3.78E-04 002.2 079.5  41.7 1.322487 0.396351 0.534243 hargrave 2017-01-09 16:43:02 
TT 475 301.8  34.8 303.4  44.1 3.56E-04 003.1 080.0  41.4 1.844210 0.472212 0.447166 hargrave 2017-01-10 16:47:05 
TT 500 301.7  34.7 303.3  44.0 3.32E-04 001.9 079.8  41.3 0.959178 0.348048 0.482707 hargrave 2017-01-11 19:25:26 
TT 525 300.8  35.5 302.3  44.9 3.04E-04 004.8 079.4  42.4 2.471309 0.481241 0.560657 hargrave 2017-01-15 18:49:52 
TT 550 301.6  35.3 303.2  44.6 2.71E-04 004.7 080.1  41.9 2.138624 0.422035 0.438195 hargrave 2017-01-18 14:28:16 
TT 560 300.9  35.2 302.4  44.5 2.57E-04 003.5 079.3  42.1 1.473108 0.354190 0.507992 hargrave 2017-01-19 01:01:00 
TT 570 302.9  35.8 304.8  45.1 2.46E-04 002.8 081.7  41.9 1.088269 0.318199 0.399453 hargrave 2017-01-19 15:55:29 
TT 575 302.2  35.4 303.9  44.7 2.36E-04 003.0 080.7  41.9 1.128531 0.330499 0.340207 hargrave 2017-01-20 13:48:20 
TT 580 300.3  34.9 301.7  44.2 2.30E-04 004.4 078.6  42.0 1.657980 0.438923 0.456189 hargrave 2017-01-22 13:18:36 
TT 595 302.5  36.0 304.3  45.2 2.28E-04 001.7 081.4  42.2 0.410529 0.334573 0.407308 hargrave 2017-02-01 16:10:31 
TT 610 297.6  33.7 298.6  43.1 2.02E-04 002.6 075.2  41.9 0.787821 0.283466 0.382974 hargrave 2017-02-02 15:05:23 
TT 625 301.4  35.1 303.0  44.4 1.71E-04 002.0 079.8  41.8 0.468275 0.242629 0.278103 hargrave 2017-02-06 13:59:19 
TT 640 302.4  35.8 304.2  45.1 1.47E-04 003.6 081.2  42.1 0.833913 0.274350 0.262342 hargrave 2017-02-08 12:20:52 
TT 655 298.8  34.1 300.0  43.5 1.25E-04 003.6 076.7  41.8 0.691598 0.305016 0.298353 hargrave 2017-02-08 21:48:14 
TT 665 300.8  34.9 302.3  44.2 1.02E-04 001.7 079.0  41.8 0.208973 0.150505 0.184150 hargrave 2017-02-09 14:58:22 
TT 675 301.5  34.9 303.1  44.2 8.94E-05 003.4 079.8  41.6 0.455638 0.204027 0.188367 hargrave 2017-02-13 17:36:35 
TT 680 299.3  34.4 300.5  43.7 5.62E-05 003.6 077.2  41.9 0.296029 0.148207 0.122228 hargrave 2017-02-14 22:19:17 
