GB17- 1a sun compass orientation
    245 346.9  23.0  20.7   9.5   1.0
NRM    302.4  35.6 304.2  44.9 1.50E-03 001.6 062.9  49.3 2.908747 2.218509 3.083146 hargrave 2016-09-01 10:52:56 
LN2    303.5  36.5 305.5  45.7 1.42E-03 001.5 064.7  49.8 2.413295 2.233873 2.541716 hargrave 2016-09-04 18:25:10 
TT 100 299.3  34.9 300.6  44.3 1.42E-03 002.0 058.9  49.8 3.407570 3.609300 2.230694 hargrave 2016-11-16 16:16:52 
TT 200 305.9  36.6 308.2  45.8 1.40E-03 003.1 067.4  49.1 6.783312 3.034116 2.386856 hargrave 2016-11-21 16:21:03 
TT 300 307.8  37.0 310.5  46.1 1.32E-03 001.9 069.8  48.7 3.362807 2.384710 2.289717 hargrave 2016-12-09 23:02:39 
TT 350 307.7  35.7 310.2  44.8 1.24E-03 003.1 068.8  47.6 6.441848 2.778631 3.380256 hargrave 2016-12-17 13:33:15 
TT 400 304.0  34.1 305.9  43.3 1.21E-03 001.7 063.7  47.4 2.295577 1.989491 2.478981 hargrave 2017-01-05 12:04:34 
TT 425 304.6  34.3 306.6  43.5 1.16E-03 001.8 064.6  47.4 2.322701 1.659342 2.737625 hargrave 2017-01-06 15:38:06 
TT 450 303.8  33.7 305.6  42.9 1.12E-03 001.6 063.3  47.1 2.113421 1.596722 2.400806 hargrave 2017-01-09 16:41:31 
TT 475 306.9  34.0 309.1  43.1 1.04E-03 002.4 066.8  46.3 3.362453 2.159973 2.334004 hargrave 2017-01-10 16:45:38 
TT 500 303.4  33.1 305.1  42.4 9.77E-04 001.7 062.4  46.8 2.031609 1.280866 2.165417 hargrave 2017-01-11 19:24:04 
TT 525 303.8  34.4 305.6  43.7 8.67E-04 006.2 063.6  47.8 8.850088 3.234573 1.477433 hargrave 2017-01-15 18:48:21 
TT 550 306.0  34.5 308.1  43.7 7.77E-04 003.1 066.1  47.1 3.878562 1.638872 1.236523 hargrave 2017-01-18 14:26:44 
TT 560 304.2  34.3 306.2  43.5 7.19E-04 002.6 064.1  47.6 2.967133 1.305397 1.192856 hargrave 2017-01-19 00:59:29 
TT 570 305.9  34.5 308.1  43.6 6.83E-04 002.3 066.1  47.1 2.350754 1.371373 1.076621 hargrave 2017-01-19 15:54:02 
TT 575 305.1  34.2 307.2  43.4 6.53E-04 002.1 065.0  47.1 1.914429 1.277245 1.045905 hargrave 2017-01-20 13:46:40 
TT 580 305.0  34.5 307.0  43.7 6.32E-04 002.4 065.0  47.5 2.249904 1.124896 1.047754 hargrave 2017-01-22 13:17:05 
TT 595 305.6  34.4 307.7  43.6 6.26E-04 002.1 065.7  47.2 1.712312 1.504819 0.976655 hargrave 2017-02-01 16:09:04 
TT 610 302.9  33.3 304.6  42.6 5.69E-04 001.8 062.1  47.1 1.205885 1.293034 0.782693 hargrave 2017-02-02 15:03:55 
TT 625 305.2  34.0 307.3  43.1 4.93E-04 002.5 065.0  46.9 1.703723 1.269583 0.693118 hargrave 2017-02-06 13:58:11 
TT 640 306.1  35.0 308.3  44.1 4.26E-04 001.8 066.5  47.5 1.036382 0.600032 0.591763 hargrave 2017-02-08 12:19:09 
TT 655 304.0  34.0 305.8  43.2 3.45E-04 003.1 063.6  47.3 1.561744 0.983277 0.446336 hargrave 2017-02-08 21:46:56 
TT 665 306.2  34.5 308.4  43.6 2.91E-04 001.7 066.4  47.0 0.574172 0.537610 0.392970 hargrave 2017-02-09 14:57:02 
TT 675 305.9  34.3 308.0  43.4 2.68E-04 001.8 065.8  46.9 0.630273 0.511873 0.350573 hargrave 2017-02-13 17:34:39 
TT 680 307.6  35.4 310.0  44.4 2.05E-04 002.0 068.4  47.3 0.527458 0.346200 0.349004 hargrave 2017-02-14 22:17:17 
