GB17- 7a mag compass orientation (IGRF corrected)
  244.9 218.5  65.0  20.7   9.5   1.0
NRM    295.7  39.5 296.6  48.9 1.87E-04 003.4 169.2 -24.4 0.430585 0.752189 0.701366 hargrave 2016-09-01 11:03:22 
LN2    298.1  39.5 299.4  48.9 1.81E-04 001.9 171.2 -24.8 0.259229 0.527089 0.234430 hargrave 2016-09-04 18:35:44 
TT 100 291.9  37.4 292.1  46.9 1.75E-04 008.4 165.4 -25.6 0.731297 2.485319 0.248926 hargrave 2016-11-16 16:25:20 
TT 200 296.6  37.2 297.6  46.6 1.68E-04 003.2 169.4 -26.8 0.336716 0.828695 0.282152 hargrave 2016-11-21 16:31:10 
TT 300 296.9  37.0 297.9  46.5 1.52E-04 005.5 169.6 -27.0 0.268055 1.425905 0.164309 hargrave 2016-12-09 23:10:29 
TT 350 297.0  36.8 298.1  46.3 1.32E-04 002.4 169.7 -27.2 0.244232 0.474742 0.194897 hargrave 2016-12-17 13:41:19 
TT 400 296.6  36.2 297.5  45.7 1.21E-04 001.9 169.2 -27.8 0.217046 0.233576 0.247661 hargrave 2017-01-05 12:12:15 
TT 425 297.0  36.2 298.0  45.7 1.12E-04 002.6 169.6 -27.8 0.275829 0.291050 0.340162 hargrave 2017-01-06 15:45:56 
TT 450 300.3  36.4 301.8  45.8 1.06E-04 003.2 172.6 -28.1 0.235480 0.436047 0.331709 hargrave 2017-01-09 16:49:17 
TT 475 302.2  36.9 304.0  46.2 9.94E-05 002.2 174.3 -27.8 0.209596 0.149162 0.290556 hargrave 2017-01-10 16:53:06 
TT 500 299.7  36.6 301.2  45.9 9.22E-05 002.3 172.0 -27.9 0.190446 0.100562 0.303446 hargrave 2017-01-11 19:31:09 
TT 525 300.5  36.9 302.1  46.2 8.38E-05 001.3 172.8 -27.7 0.124966 0.117924 0.126703 hargrave 2017-01-15 18:56:05 
TT 550 300.6  37.1 302.2  46.4 7.63E-05 001.4 172.9 -27.5 0.098200 0.127839 0.107218 hargrave 2017-01-18 14:34:19 
TT 560 300.6  37.0 302.2  46.3 7.18E-05 001.4 172.9 -27.5 0.095350 0.132767 0.095465 hargrave 2017-01-19 01:07:20 
TT 570 300.1  37.1 301.6  46.5 6.81E-05 001.8 172.4 -27.4 0.100164 0.175028 0.089503 hargrave 2017-01-19 16:01:31 
TT 575 300.0  37.2 301.5  46.5 6.61E-05 003.0 172.4 -27.3 0.106601 0.328322 0.080516 hargrave 2017-01-20 13:55:07 
TT 580 298.0  36.8 299.2  46.2 6.39E-05 001.3 170.5 -27.4 0.082870 0.101020 0.085180 hargrave 2017-01-22 13:24:50 
TT 595 298.8  36.9 300.1  46.3 5.97E-05 002.3 171.3 -27.4 0.075646 0.219187 0.081832 hargrave 2017-02-01 16:16:31 
TT 610 297.7  36.9 298.8  46.3 5.19E-05 002.9 170.3 -27.3 0.079896 0.242365 0.061890 hargrave 2017-02-02 15:11:26 
TT 625 298.0  37.4 299.2  46.8 4.09E-05 001.8 170.7 -26.8 0.058791 0.107858 0.047005 hargrave 2017-02-06 14:04:17 
TT 640 298.2  37.6 299.4  47.0 3.02E-05 003.1 170.9 -26.6 0.055505 0.154648 0.040594 hargrave 2017-02-08 12:25:53 
TT 655 298.3  36.9 299.5  46.3 1.97E-05 001.6 170.8 -27.4 0.027540 0.049409 0.021009 hargrave 2017-02-08 21:52:57 
TT 665 297.3  36.2 298.3  45.6 1.16E-05 001.6 169.8 -27.9 0.029671 0.025828 0.013513 hargrave 2017-02-09 15:03:15 
TT 675 298.3  39.6 299.6  49.0 6.78E-06 005.6 171.3 -24.7 0.015478 0.065482 0.009384 hargrave 2017-02-13 17:42:47 
TT 680 304.3  39.8 306.7  48.9 4.01E-06 005.3 176.4 -25.1 0.007841 0.036313 0.007044 hargrave 2017-02-14 22:25:28 
