GB17- 4a sun compass orientation
  245.6 326.5   7.0  20.7   9.5   1.0
NRM    295.0  41.5 295.8  50.9 2.41E-04 001.4 064.2  44.8 0.466667 0.373375 0.220091 hargrave 2016-09-01 10:56:25 
LN2    294.3  41.3 295.0  50.8 2.31E-04 001.5 063.5  44.7 0.491038 0.317815 0.274670 hargrave 2016-09-04 18:28:42 
TT 100 293.9  41.2 294.5  50.7 2.28E-04 001.4 063.1  44.7 0.354344 0.372592 0.243516 hargrave 2016-11-16 16:20:06 
TT 200 294.6  40.1 295.3  49.6 2.23E-04 001.8 063.6  43.5 0.586551 0.309861 0.282126 hargrave 2016-11-21 16:24:19 
TT 300 292.8  39.1 293.1  48.6 2.07E-04 001.5 061.5  42.7 0.394756 0.296419 0.246980 hargrave 2016-12-09 23:05:51 
TT 350 295.7  38.8 296.6  48.3 1.87E-04 001.3 064.5  42.1 0.302930 0.326309 0.202418 hargrave 2016-12-17 13:36:30 
TT 400 294.8  37.9 295.5  47.4 1.76E-04 001.6 063.4  41.4 0.377068 0.210680 0.266612 hargrave 2017-01-05 12:07:39 
TT 425 296.5  38.2 297.4  47.6 1.66E-04 002.5 065.2  41.4 0.616052 0.312960 0.274658 hargrave 2017-01-06 15:41:15 
TT 450 296.0  37.3 296.8  46.7 1.59E-04 001.9 064.5  40.5 0.422213 0.236067 0.190984 hargrave 2017-01-09 16:44:38 
TT 475 298.4  36.9 299.7  46.3 1.50E-04 001.2 066.9  39.9 0.221506 0.170906 0.142104 hargrave 2017-01-10 16:48:32 
TT 500 294.3  36.1 294.8  45.6 1.43E-04 001.8 062.5  39.6 0.438227 0.144142 0.189585 hargrave 2017-01-11 19:26:43 
TT 525 296.2  37.9 297.1  47.3 1.31E-04 001.9 064.8  41.1 0.294981 0.179962 0.277891 hargrave 2017-01-15 18:51:27 
TT 550 296.3  37.0 297.2  46.5 1.17E-04 001.9 064.8  40.3 0.309763 0.168278 0.203480 hargrave 2017-01-18 14:29:44 
TT 560 295.4  37.1 296.1  46.6 1.12E-04 002.9 063.8  40.5 0.508262 0.172067 0.226005 hargrave 2017-01-19 01:02:36 
TT 570 295.0  36.9 295.7  46.4 1.08E-04 001.8 063.4  40.3 0.236041 0.157123 0.207629 hargrave 2017-01-19 15:56:57 
TT 575 296.6  37.2 297.5  46.6 1.05E-04 002.7 065.1  40.4 0.433944 0.151648 0.201727 hargrave 2017-01-20 13:49:57 
TT 580 295.4  37.1 296.1  46.6 1.02E-04 002.5 063.8  40.5 0.379557 0.129863 0.225093 hargrave 2017-01-22 13:20:12 
TT 595 297.0  37.1 298.0  46.5 9.50E-05 002.4 065.5  40.3 0.270565 0.256643 0.169366 hargrave 2017-02-01 16:11:58 
TT 610 295.2  37.0 295.9  46.5 8.00E-05 001.9 063.6  40.4 0.228757 0.097471 0.122843 hargrave 2017-02-02 15:06:52 
TT 625 296.1  36.8 296.9  46.2 6.25E-05 003.2 064.5  40.1 0.308706 0.151892 0.117268 hargrave 2017-02-06 14:00:29 
TT 640 297.3  37.7 298.4  47.1 4.34E-05 002.1 066.0  40.9 0.097063 0.105905 0.088101 hargrave 2017-02-08 12:22:13 
TT 655 294.2  36.9 294.8  46.4 2.63E-05 002.1 062.6  40.4 0.065494 0.046814 0.057213 hargrave 2017-02-08 21:49:29 
TT 665 301.0  37.0 302.6  46.3 1.44E-05 002.3 069.6  39.7 0.047110 0.020293 0.035436 hargrave 2017-02-09 14:59:38 
TT 675 297.9  38.9 299.2  48.3 1.30E-05 004.9 066.8  41.9 0.089535 0.053233 0.049340 hargrave 2017-02-13 17:38:14 
TT 680 298.6  40.3 300.0  49.7 7.26E-06 006.0 067.7  43.3 0.062590 0.030544 0.037252 hargrave 2017-02-14 22:20:55 
