GB17- 8a mag compass orientation (IGRF corrected)
 244.95 199.5  61.0  20.7   9.5   1.0
NRM    296.8  45.0 298.1  54.5 7.70E-05 005.7 185.4 -15.7 0.128808 0.438495 0.623301 hargrave 2016-09-01 11:04:49 
LN2    291.9  45.0 292.2  54.5 7.40E-05 003.9 181.8 -16.0 0.192487 0.263157 0.391297 hargrave 2016-09-04 18:37:12 
TT 100 295.2  44.3 296.2  53.8 7.23E-05 003.6 184.3 -16.5 0.121558 0.225844 0.375458 hargrave 2016-11-16 16:27:00 
TT 200 294.3  43.1 295.0  52.6 6.90E-05 003.7 183.7 -17.8 0.089330 0.264574 0.345343 hargrave 2016-11-21 16:32:49 
TT 300 299.6  42.2 301.3  51.6 6.18E-05 005.1 187.8 -18.2 0.045534 0.452779 0.320100 hargrave 2016-12-09 23:12:04 
TT 350 304.6  41.5 307.2  50.6 5.23E-05 004.5 191.9 -18.2 0.045553 0.288483 0.292539 hargrave 2016-12-17 13:42:56 
TT 400 295.5  41.9 296.5  51.4 4.84E-05 006.0 184.8 -18.8 0.064928 0.410892 0.300126 hargrave 2017-01-05 12:13:52 
TT 425 296.3  42.0 297.4  51.5 4.34E-05 004.8 185.4 -18.7 0.102584 0.138436 0.323519 hargrave 2017-01-06 15:47:32 
TT 450 299.4  41.6 301.0  51.0 4.01E-05 003.9 187.8 -18.8 0.094038 0.095811 0.242678 hargrave 2017-01-09 16:50:52 
TT 475 298.3  41.5 299.7  50.9 3.68E-05 004.1 186.9 -19.0 0.087365 0.053661 0.243910 hargrave 2017-01-10 16:54:58 
TT 500 296.9  42.0 298.1  51.5 3.35E-05 004.6 185.8 -18.6 0.074569 0.072886 0.251575 hargrave 2017-01-11 19:32:30 
TT 525 295.7  42.7 296.7  52.2 2.92E-05 003.0 184.8 -18.0 0.045222 0.044380 0.139727 hargrave 2017-01-15 18:57:39 
TT 550 293.6  43.0 294.2  52.5 2.53E-05 003.5 183.2 -17.9 0.037473 0.081206 0.127298 hargrave 2017-01-18 14:36:12 
TT 560 298.7  43.2 300.3  52.6 2.37E-05 003.6 187.0 -17.3 0.051181 0.088119 0.116702 hargrave 2017-01-19 01:08:55 
TT 570 297.1  43.6 298.4  53.1 2.23E-05 003.4 185.8 -17.0 0.056930 0.048202 0.116501 hargrave 2017-01-19 16:03:24 
TT 575 297.9  42.5 299.3  51.9 2.13E-05 003.5 186.5 -18.1 0.053737 0.042774 0.115201 hargrave 2017-01-20 13:59:04 
TT 580 296.8  43.3 298.0  52.7 2.04E-05 004.2 185.5 -17.4 0.066399 0.084786 0.112534 hargrave 2017-01-22 13:26:25 
TT 595 307.9  42.0 311.2  50.9 1.95E-05 004.3 194.3 -17.0 0.060508 0.103422 0.095110 hargrave 2017-02-01 16:18:23 
TT 610 298.1  44.1 299.7  53.5 1.62E-05 005.0 186.4 -16.4 0.045845 0.109523 0.082379 hargrave 2017-02-02 15:13:19 
TT 625 303.9  42.6 306.4  51.9 1.26E-05 004.6 191.0 -17.1 0.031886 0.075792 0.063162 hargrave 2017-02-06 14:05:52 
TT 640 300.8  41.3 302.7  50.6 1.04E-05 003.7 188.9 -18.9 0.026020 0.043480 0.047644 hargrave 2017-02-08 12:27:03 
TT 655 298.2  41.1 299.7  50.5 7.31E-06 003.3 187.0 -19.5 0.016571 0.023957 0.032107 hargrave 2017-02-08 21:54:07 
TT 665 301.4  43.0 303.5  52.3 4.03E-06 005.4 189.1 -17.1 0.013982 0.030304 0.019717 hargrave 2017-02-09 15:04:27 
TT 675 302.8  41.4 305.1  50.7 2.25E-06 007.9 190.5 -18.5 0.009399 0.027753 0.012027 hargrave 2017-02-13 17:44:14 
TT 680 301.8  39.6 303.8  48.9 1.33E-06 008.7 190.1 -20.5 0.005698 0.018099 0.007743 hargrave 2017-02-14 22:26:54 
