GB20- 2a mag compass orientation (IGRF corrected)
  264.5  32.5  15.0  20.7   9.5   1.0
NRM    296.2  37.8 297.1  47.3 9.95E-04 003.8 351.7  52.7 4.607302 3.603912 3.084175 hargrave 2016-09-01 11:37:34 
LTD    293.0  37.4 293.4  46.9 9.82E-04 001.6 347.7  52.1 1.572382 2.290177 0.625243 hargrave 2016-11-10 10:27:41 
TT 100 295.7  37.2 296.5  46.7 9.75E-04 002.6 351.1  52.1 1.744034 3.957379 0.843639 hargrave 2016-11-16 18:44:37 
TT 200 296.7  36.6 297.7  46.0 9.74E-04 003.1 352.6  51.5 1.958348 4.788688 0.868778 hargrave 2016-11-22 12:25:54 
TT 300 301.0  36.0 302.6  45.3 9.64E-04 001.5 358.1  51.0 1.767339 1.636177 1.097041 hargrave 2016-12-09 23:43:35 
TT 350 294.7  36.1 295.3  45.6 9.34E-04 002.2 349.9  50.9 1.974010 2.837095 1.443605 hargrave 2016-12-17 14:21:33 
TT 400 298.1  36.2 299.3  45.6 9.10E-04 002.1 354.4  51.1 2.393791 1.721635 1.738672 hargrave 2017-01-05 12:45:21 
TT 425 296.5  36.3 297.4  45.7 8.95E-04 003.3 352.3  51.1 3.436891 3.117030 2.344756 hargrave 2017-01-06 16:17:04 
TT 450 297.8  36.1 298.9  45.5 8.78E-04 002.4 354.0  51.0 2.542312 2.014253 1.796056 hargrave 2017-01-09 17:21:01 
TT 475 297.8  36.3 298.9  45.7 8.54E-04 003.1 354.0  51.2 3.174118 2.684239 2.267537 hargrave 2017-01-10 17:27:10 
TT 500 296.5  36.4 297.4  45.8 8.27E-04 002.7 352.2  51.2 2.863114 1.926064 1.979207 hargrave 2017-01-11 19:57:53 
TT 525 295.2  36.2 295.9  45.6 7.76E-04 002.1 350.6  51.0 1.414969 2.356395 0.832217 hargrave 2017-01-15 19:28:19 
TT 550 295.9  36.4 296.8  45.8 6.42E-04 003.2 351.5  51.2 1.347976 3.353570 0.616044 hargrave 2017-01-18 15:08:35 
TT 560 295.2  36.4 295.9  45.9 5.02E-04 001.7 350.5  51.3 0.881920 1.090328 0.514759 hargrave 2017-01-19 01:40:05 
TT 570 296.8  36.2 297.7  45.7 3.66E-04 001.8 352.7  51.1 0.649809 0.945462 0.366998 hargrave 2017-01-19 16:33:46 
TT 575 296.4  36.7 297.3  46.1 3.22E-04 002.6 352.2  51.5 0.547982 1.328911 0.401329 hargrave 2017-01-20 17:53:26 
TT 580 294.5  36.5 295.1  45.9 2.81E-04 002.5 349.7  51.3 0.545989 1.092617 0.297325 hargrave 2017-01-22 13:57:18 
TT 595 294.5  36.6 295.1  46.1 2.49E-04 001.8 349.7  51.4 0.452335 0.583567 0.271245 hargrave 2017-02-01 16:49:01 
TT 610 295.1  36.7 295.8  46.1 1.85E-04 001.7 350.4  51.5 0.316365 0.448833 0.166090 hargrave 2017-02-02 15:43:02 
TT 625 295.3  37.1 296.0  46.6 1.26E-04 002.0 350.6  51.9 0.212418 0.370237 0.124963 hargrave 2017-02-06 14:29:27 
TT 640 294.8  37.0 295.4  46.5 8.94E-05 002.1 350.0  51.9 0.160929 0.278007 0.108019 hargrave 2017-02-08 12:53:00 
TT 655 294.3  36.6 294.9  46.0 5.35E-05 002.2 349.4  51.4 0.086046 0.181390 0.066375 hargrave 2017-02-08 22:19:02 
TT 665 292.6  37.2 292.9  46.7 3.21E-05 002.0 347.1  51.9 0.076939 0.088820 0.036083 hargrave 2017-02-09 15:30:52 
TT 675 291.7  34.8 291.8  44.3 1.70E-05 003.0 346.2  49.5 0.048465 0.072084 0.040396 hargrave 2017-02-13 18:15:38 
TT 680 296.8  39.8 297.9  49.2 8.66E-06 003.3 352.4  54.7 0.021592 0.044451 0.009966 hargrave 2017-02-14 22:56:18 
