GB20- 3a mag compass orientation (IGRF corrected)
  264.6 223.5  16.0  20.7   9.5   1.0
NRM    299.8  37.9 301.3  47.2 1.33E-03 003.5 168.3  22.3 3.165054 1.532291 7.400210 hargrave 2016-09-01 11:39:07 
LTD    297.7  37.5 298.8  46.9 1.31E-03 001.5 166.5  22.0 1.200964 2.488840 2.171847 hargrave 2016-11-10 10:29:35 
TT 100 302.9  37.7 304.8  46.9 1.31E-03 001.8 170.9  21.9 1.599731 2.551558 2.741366 hargrave 2016-11-16 18:46:16 
TT 200 298.8  36.8 300.1  46.2 1.29E-03 003.6 167.4  21.2 1.406731 7.653514 2.716496 hargrave 2016-11-22 12:27:26 
TT 300 299.1  36.8 300.4  46.1 1.26E-03 003.0 167.6  21.2 2.289696 5.395059 2.962313 hargrave 2016-12-09 23:45:06 
TT 350 295.9  36.4 296.7  45.9 1.20E-03 003.0 164.9  21.0 1.095167 5.644545 2.708388 hargrave 2016-12-17 14:23:00 
TT 400 298.1  36.2 299.2  45.6 1.17E-03 002.6 166.7  20.7 2.295552 1.687202 4.599907 hargrave 2017-01-05 12:46:54 
TT 425 295.1  36.1 295.8  45.6 1.15E-03 003.0 164.2  20.8 1.885091 2.444323 5.340364 hargrave 2017-01-06 16:18:35 
TT 450 300.2  36.6 301.7  45.9 1.13E-03 002.6 168.6  20.9 1.927486 1.356586 4.607397 hargrave 2017-01-09 17:22:32 
TT 475 300.0  36.6 301.5  45.9 1.11E-03 003.1 168.5  21.0 1.923781 2.117380 5.219111 hargrave 2017-01-10 17:28:41 
TT 500 298.8  36.5 300.1  45.9 1.08E-03 003.0 167.4  21.0 1.494353 2.202168 5.140468 hargrave 2017-01-11 19:59:06 
TT 525 297.2  36.7 298.2  46.2 1.04E-03 002.0 166.0  21.3 1.156165 2.784847 2.233933 hargrave 2017-01-15 19:29:49 
TT 550 299.7  36.9 301.1  46.3 9.22E-04 003.5 168.2  21.3 0.944888 5.160055 2.157297 hargrave 2017-01-18 15:10:06 
TT 560 297.9  37.0 299.1  46.4 8.28E-04 002.7 166.7  21.5 0.926421 3.418776 1.631537 hargrave 2017-01-19 01:41:36 
TT 570 300.7  37.0 302.3  46.4 6.68E-04 003.9 169.1  21.4 0.760085 4.240332 1.551714 hargrave 2017-01-19 16:35:22 
TT 575 299.4  36.7 300.7  46.1 5.98E-04 004.8 167.9  21.1 1.152983 4.827559 1.038276 hargrave 2017-01-20 17:55:00 
TT 580 296.1  36.6 296.9  46.1 5.48E-04 001.8 165.0  21.3 0.536355 1.217121 1.187993 hargrave 2017-01-22 13:58:49 
TT 595 299.7  37.0 301.1  46.4 4.87E-04 001.6 168.2  21.4 0.492788 0.706657 1.059903 hargrave 2017-02-01 16:50:32 
TT 610 301.4  37.2 303.1  46.5 3.69E-04 004.4 169.6  21.5 0.440895 2.704545 0.745082 hargrave 2017-02-02 15:44:33 
TT 625 297.6  37.6 298.7  47.1 1.72E-04 001.4 166.5  22.2 0.193002 0.180710 0.345492 hargrave 2017-02-06 14:30:41 
TT 640 300.0  38.4 301.6  47.7 1.18E-04 003.7 168.6  22.8 0.182596 0.715043 0.221441 hargrave 2017-02-08 12:54:14 
TT 655 298.2  39.4 299.5  48.8 8.70E-05 002.7 167.1  23.8 0.142110 0.329563 0.193944 hargrave 2017-02-08 22:20:23 
TT 665 305.0  38.5 307.4  47.7 6.85E-05 001.9 172.8  22.7 0.085543 0.188430 0.133971 hargrave 2017-02-09 15:32:15 
TT 675 294.2  37.2 294.8  46.7 4.95E-05 002.8 163.5  22.0 0.090576 0.195022 0.110924 hargrave 2017-02-13 18:17:13 
TT 680 300.3  37.1 301.8  46.4 3.35E-05 002.9 168.7  21.4 0.048946 0.147556 0.075079 hargrave 2017-02-14 22:57:48 
