GB20- 1a sun compass orientation
  264.3 327.4  12.0  20.7   9.5   1.0
NRM    210.3  36.1 203.2  37.1 1.36E-03 003.4 327.6  46.5 6.357119 3.387372 3.892783 hargrave 2016-09-01 11:33:42 
LTD    208.1  36.0 201.1  36.6 1.34E-03 001.5 325.1  46.1 2.395291 2.233606 1.617423 hargrave 2016-11-10 10:25:47 
TT 100 210.5  35.5 203.6  36.6 1.34E-03 002.1 328.0  46.0 3.174232 3.403598 1.512437 hargrave 2016-11-16 18:42:59 
TT 200 210.6  35.2 203.8  36.2 1.34E-03 002.5 328.2  45.6 3.593436 4.499475 1.606476 hargrave 2016-11-22 12:24:17 
TT 300 210.3  34.7 203.6  35.8 1.33E-03 001.7 327.9  45.2 2.298608 2.710750 1.702273 hargrave 2016-12-09 23:42:08 
TT 350 208.3  35.0 201.5  35.7 1.29E-03 002.2 325.5  45.2 3.058423 3.594557 2.462208 hargrave 2016-12-17 14:20:02 
TT 400 210.8  35.0 204.0  36.1 1.27E-03 001.8 328.4  45.5 2.316101 3.028262 1.915421 hargrave 2017-01-05 12:43:52 
TT 425 210.5  35.5 203.6  36.5 1.23E-03 004.7 328.0  45.9 7.904704 5.279235 3.633569 hargrave 2017-01-06 16:15:36 
TT 450 211.1  35.5 204.2  36.6 1.21E-03 003.1 328.7  46.0 5.020506 3.372291 2.704217 hargrave 2017-01-09 17:19:34 
TT 475 212.7  35.1 205.9  36.6 1.18E-03 003.7 330.7  45.9 5.925793 3.709970 3.307836 hargrave 2017-01-10 17:25:39 
TT 500 212.0  35.2 205.2  36.6 1.13E-03 003.6 329.8  45.9 5.459149 3.665936 2.804163 hargrave 2017-01-11 19:56:44 
TT 525 209.7  35.0 202.9  36.0 1.05E-03 002.3 327.2  45.4 2.609136 3.022224 1.286920 hargrave 2017-01-15 19:26:52 
TT 550 210.7  34.9 204.0  36.0 8.18E-04 002.2 328.4  45.4 2.184132 2.058787 1.136595 hargrave 2017-01-18 15:06:13 
TT 560 212.5  34.9 205.7  36.3 6.37E-04 001.8 330.4  45.6 1.270520 1.473570 0.670346 hargrave 2017-01-19 01:38:38 
TT 570 212.6  34.7 205.9  36.1 4.87E-04 003.0 330.6  45.4 1.441933 2.067136 0.540075 hargrave 2017-01-19 16:32:15 
TT 575 210.8  35.5 204.0  36.6 4.25E-04 003.2 328.4  46.0 1.273432 1.939177 0.543879 hargrave 2017-01-20 17:49:25 
TT 580 209.9  35.4 203.1  36.3 3.75E-04 001.7 327.4  45.8 0.719592 0.767501 0.449012 hargrave 2017-01-22 13:55:46 
TT 595 208.8  35.4 202.0  36.2 3.20E-04 001.7 326.1  45.7 0.576931 0.712210 0.353838 hargrave 2017-02-01 16:47:30 
TT 610 210.4  35.3 203.6  36.3 2.26E-04 002.2 327.9  45.7 0.599079 0.617779 0.239429 hargrave 2017-02-02 15:41:30 
TT 625 209.2  35.6 202.3  36.4 1.42E-04 001.9 326.5  45.9 0.207438 0.420632 0.145284 hargrave 2017-02-06 14:28:14 
TT 640 209.1  35.9 202.1  36.7 9.65E-05 001.5 326.3  46.2 0.164520 0.192558 0.099381 hargrave 2017-02-08 12:51:43 
TT 655 208.7  34.0 202.2  34.8 6.74E-05 001.8 326.2  44.3 0.118607 0.188665 0.069301 hargrave 2017-02-08 22:17:44 
TT 665 211.3  35.8 204.3  37.0 4.32E-05 002.1 328.9  46.4 0.154486 0.098514 0.051590 hargrave 2017-02-09 15:29:28 
TT 675 209.5  35.2 202.7  36.1 2.86E-05 003.1 326.9  45.6 0.105449 0.114983 0.041996 hargrave 2017-02-13 18:14:07 
TT 680 218.1  37.1 210.8  39.4 1.85E-05 004.7 336.7  48.3 0.079695 0.131983 0.031627 hargrave 2017-02-14 22:54:47 
