GB20- 6a mag compass orientation (IGRF corrected)
    265  34.5  14.0  20.7   9.5   1.0
NRM    302.5  35.0 304.2  44.2 2.21E-03 003.4 357.5  49.0 8.095272 6.302050 8.021509 hargrave 2016-09-01 11:44:08 
LTD    300.4  34.6 301.8  44.0 2.18E-03 001.5 354.9  48.6 3.607118 4.136933 2.123355 hargrave 2016-11-10 10:35:43 
TT 100 301.3  34.5 302.8  43.8 2.17E-03 001.7 356.0  48.5 4.885277 3.797126 3.155226 hargrave 2016-11-16 18:50:40 
TT 200 302.5  34.3 304.2  43.6 2.16E-03 002.4 357.5  48.3 4.757847 6.959306 3.357198 hargrave 2016-11-22 12:31:50 
TT 300 303.8  33.9 305.7  43.2 2.11E-03 003.0 359.2  47.9 4.873529 9.776676 3.112962 hargrave 2016-12-09 23:53:11 
TT 350 304.0  33.9 305.8  43.1 1.93E-03 002.0 359.3  47.9 4.155749 3.949672 3.750003 hargrave 2016-12-17 14:28:26 
TT 400 302.9  34.2 304.7  43.5 1.87E-03 003.1 358.1  48.2 4.892353 7.736571 4.363800 hargrave 2017-01-05 12:55:19 
TT 425 303.5  34.2 305.4  43.5 1.83E-03 003.3 358.8  48.2 7.730339 3.319029 6.666410 hargrave 2017-01-06 16:25:10 
TT 450 305.9  34.3 308.1  43.5 1.80E-03 003.6 001.8  48.3 5.402450 8.410495 5.216410 hargrave 2017-01-09 17:29:53 
TT 475 302.8  33.8 304.4  43.1 1.77E-03 002.8 357.8  47.8 6.556718 2.767784 5.153287 hargrave 2017-01-11 11:10:13 
TT 500 302.4  34.3 304.1  43.6 1.73E-03 003.1 357.4  48.3 6.925922 2.894291 5.858499 hargrave 2017-01-11 20:05:10 
TT 525 301.1  34.0 302.5  43.3 1.69E-03 002.3 355.8  47.9 3.427845 5.552864 2.249305 hargrave 2017-01-15 19:38:07 
TT 550 301.0  34.0 302.5  43.3 1.60E-03 002.4 355.7  48.0 3.310188 5.399557 2.296648 hargrave 2017-01-18 15:17:32 
TT 560 302.0  34.0 303.6  43.3 1.48E-03 002.2 356.9  48.0 3.029273 4.320874 2.136846 hargrave 2017-01-19 01:49:46 
TT 570 299.7  34.2 301.0  43.6 1.33E-03 001.8 354.0  48.2 2.174802 3.063238 1.681874 hargrave 2017-01-19 16:42:42 
TT 575 301.9  33.9 303.5  43.2 1.21E-03 001.8 356.8  47.9 2.473023 2.229172 1.991186 hargrave 2017-01-20 17:59:35 
TT 580 300.5  34.0 301.9  43.3 1.13E-03 001.8 355.1  47.9 2.305266 2.406694 1.576992 hargrave 2017-01-22 14:07:04 
TT 595 301.0  34.4 302.5  43.7 9.82E-04 001.7 355.7  48.4 1.655652 2.260005 1.188497 hargrave 2017-02-01 16:55:36 
TT 610 299.9  34.0 301.2  43.3 7.27E-04 003.1 354.3  47.9 1.259580 3.738913 0.820614 hargrave 2017-02-02 15:49:37 
TT 625 303.4  34.0 305.2  43.2 1.80E-04 002.5 358.6  47.9 0.260845 0.740724 0.210815 hargrave 2017-02-06 14:34:56 
TT 640 299.5  36.6 300.9  46.0 1.14E-04 002.9 353.7  50.5 0.169836 0.549610 0.129046 hargrave 2017-02-08 12:59:48 
TT 655 300.3  33.4 301.6  42.8 8.83E-05 001.6 354.8  47.4 0.153448 0.192528 0.083245 hargrave 2017-02-08 22:26:24 
TT 665 298.3  37.3 299.5  46.7 5.97E-05 002.0 352.1  51.2 0.096522 0.180104 0.064897 hargrave 2017-02-09 15:36:31 
TT 675 300.2  32.6 301.5  41.9 5.01E-05 002.4 354.7  46.5 0.100311 0.177506 0.054458 hargrave 2017-02-13 18:24:05 
TT 680 313.2  36.6 316.6  45.3 2.13E-05 005.0 011.0  50.4 0.060213 0.175633 0.028301 hargrave 2017-02-14 23:04:49 
