GB8- 4a sun compass orientation
  186.5 263.9  13.0  20.7   9.5   1.0
NRM    296.9  31.6 297.7  41.0 1.62E-02 002.5 128.6  24.0 40.31061 12.64207 57.21584 hargrave 2016-08-17 18:15:55 
NRM    296.0  31.5 296.7  40.9 1.62E-02 002.3 127.7  24.0 25.96342 21.81578 55.51690 hargrave 2016-08-17 21:07:45 
LN2    295.3  31.3 295.9  40.8 1.60E-02 002.5 127.1  24.0 33.84513 15.68668 58.55651 hargrave 2016-08-19 19:55:18 
TT 100 299.5  31.6 300.6  40.9 1.59E-02 002.4 130.9  23.5 33.23272 18.41694 53.81182 hargrave 2016-08-26 15:19:23 
TT 200 300.1  31.9 301.4  41.3 1.51E-02 001.6 131.6  23.7 23.49292 28.77614 20.92185 hargrave 2016-09-12 12:12:41 
TT 300 352.7  12.9 355.0  17.2 7.62E-03 058.9 178.8 -00.1 21.29602 1116.560 623.8709 hargrave 2016-09-13 13:49:42 
TT 300 350.9  12.9 353.1  17.4 7.97E-03 057.4 177.1 -00.1 57.30220 1089.264 623.8440 hargrave 2016-09-14 09:16:36 
TT 300 299.3  31.8 300.4  41.1 1.42E-02 001.6 130.8  23.7 16.47081 26.06120 27.10437 hargrave 2016-09-14 12:17:35 
TT 350 296.5  31.0 297.2  40.4 1.36E-02 002.1 128.1  23.4 39.16732 19.17875 24.78321 hargrave 2016-09-26 16:33:16 
TT 400 297.7  31.4 298.6  40.8 1.27E-02 002.0 129.2  23.6 24.20074 30.66827 23.28788 hargrave 2016-10-03 18:48:32 
TT 425 297.1  31.3 298.0  40.8 1.22E-02 003.3 128.7  23.7 50.17550 45.15648 20.68942 hargrave 2016-10-20 13:38:03 
TT 450 298.3  31.3 299.3  40.7 1.20E-02 003.3 129.8  23.4 50.29962 44.31831 14.88856 hargrave 2016-10-28 10:51:21 
TT 475 294.4  30.6 294.9  40.0 1.14E-02 002.0 126.1  23.4 23.38218 27.32701 19.70850 hargrave 2016-11-03 11:39:33 
TT 500 296.8  31.0 297.6  40.4 1.10E-02 003.4 128.3  23.4 49.52455 41.37569 14.98658 hargrave 2016-11-07 11:52:27 
TT 525 293.9  30.3 294.3  39.8 1.06E-02 001.4 125.6  23.2 15.30840 15.28468 15.10095 hargrave 2016-11-08 19:29:17 
TT 550 297.8  31.0 298.7  40.5 1.02E-02 001.1 129.3  23.3 12.55103 7.370894 14.02693 hargrave 2016-11-09 14:48:50 
TT 560 301.1  31.9 302.4  41.2 9.61E-03 001.3 132.4  23.5 13.05688 5.422643 16.85619 hargrave 2016-11-13 21:00:51 
TT 570 300.6  31.3 301.8  40.6 8.39E-03 002.3 131.8  23.0 20.39532 24.34024 13.17369 hargrave 2016-11-14 21:15:44 
TT 575 299.0  31.2 300.1  40.6 7.64E-03 001.2 130.4  23.2 9.598876 5.187309 11.57206 hargrave 2016-11-16 13:35:12 
TT 580 299.3  31.1 300.4  40.4 7.54E-03 003.7 130.7  23.0 35.60502 31.33759 9.089102 hargrave 2016-11-21 14:02:36 
TT 595 296.3  30.9 297.0  40.3 5.51E-03 001.4 127.9  23.4 8.375771 4.397240 9.774538 hargrave 2016-11-23 13:12:59 
TT 610 299.5  31.9 300.6  41.3 1.74E-03 001.4 131.0  23.8 2.708030 2.559599 2.302013 hargrave 2016-11-30 16:44:21 
TT 625 299.0  32.2 300.1  41.5 1.13E-03 004.4 130.6  24.2 6.469318 5.742830 1.339755 hargrave 2016-12-09 14:20:43 
TT 640 295.5  31.9 296.1  41.4 9.25E-04 002.3 127.4  24.5 1.754817 2.594238 2.082665 hargrave 2016-12-13 18:08:22 
TT 655 294.0  31.1 294.5  40.6 9.06E-04 004.3 125.8  24.0 4.805918 4.471865 1.858323 hargrave 2016-12-15 15:51:09 
TT 665 294.3  30.6 294.8  40.1 8.10E-04 001.6 126.0  23.5 1.355292 0.681770 1.735173 hargrave 2016-12-16 17:46:03 
TT 675 296.6  32.4 297.4  41.8 7.17E-04 003.8 128.5  24.8 3.769965 2.699334 1.189653 hargrave 2016-12-22 11:53:33 
TT 680 298.2  33.3 299.2  42.7 6.44E-04 001.2 130.1  25.4 0.499941 0.569251 1.138647 hargrave 2016-12-22 21:12:55 
