GB8- 2a mag compass orientation (IGRF corrected)
 187.25 222.5  76.0  20.7   9.5   1.0
NRM    299.8  30.4 301.0  39.7 4.50E-03 002.6 164.8 -44.0 13.73004 7.533693 13.51655 hargrave 2016-08-17 18:12:49 
NRM    299.9  30.5 301.0  39.8 4.51E-03 002.5 164.8 -43.9 12.83061 7.360465 13.22923 hargrave 2016-08-17 21:04:35 
LN2    301.2  30.5 302.5  39.8 4.19E-03 002.7 166.4 -44.2 13.27392 7.192457 13.18417 hargrave 2016-08-19 19:52:11 
TT 100 301.8  30.7 303.2  40.0 4.22E-03 002.4 167.1 -44.2 10.77108 5.919900 13.72191 hargrave 2016-08-26 15:15:20 
TT 200 302.3  30.4 303.7  39.7 4.14E-03 001.6 167.6 -44.5 5.922441 9.737010 3.549567 hargrave 2016-09-12 12:08:45 
TT 300 314.6  76.0 350.3  83.5 2.77E-03 047.8 180.5  00.1 5.844781 67.87407 298.2597 hargrave 2016-09-13 13:46:13 
TT 300 315.2  76.2 351.9  83.5 2.77E-03 047.9 180.6  00.2 5.575188 68.54193 298.8510 hargrave 2016-09-14 09:12:03 
TT 300 301.2  30.0 302.5  39.4 3.99E-03 001.5 166.2 -44.6 6.859425 7.787064 4.236816 hargrave 2016-09-14 12:14:12 
TT 350 300.3  29.6 301.5  38.9 3.84E-03 001.4 165.0 -44.9 5.649716 5.967870 5.258135 hargrave 2016-09-26 16:27:54 
TT 400 302.1  30.3 303.5  39.5 3.64E-03 002.8 167.4 -44.6 7.625026 15.49764 4.304540 hargrave 2016-10-03 18:43:46 
TT 425 302.2  30.7 303.7  40.0 3.53E-03 001.9 167.6 -44.2 7.086138 10.04764 3.046297 hargrave 2016-10-20 13:34:49 
TT 450 300.8  30.2 302.0  39.5 3.51E-03 001.3 165.8 -44.4 5.216801 5.936125 2.848877 hargrave 2016-10-28 10:47:17 
TT 475 298.8  29.4 299.8  38.8 3.32E-03 001.6 163.2 -44.6 5.311895 7.176048 3.568828 hargrave 2016-11-03 11:36:26 
TT 500 301.1  30.3 302.4  39.6 3.24E-03 001.2 166.2 -44.4 4.320854 4.848864 3.117438 hargrave 2016-11-07 11:49:21 
TT 525 301.6  30.7 303.0  40.0 3.12E-03 001.2 166.9 -44.1 3.990957 4.747566 2.219751 hargrave 2016-11-08 19:25:50 
TT 550 301.4  30.6 302.7  39.9 3.01E-03 001.4 166.7 -44.2 3.626781 6.318154 2.540549 hargrave 2016-11-09 14:45:37 
TT 560 300.2  30.1 301.4  39.5 2.87E-03 002.0 165.1 -44.3 5.823166 7.733656 3.437260 hargrave 2016-11-13 20:57:28 
TT 570 302.9  30.9 304.4  40.2 2.74E-03 002.3 168.5 -44.1 4.918990 9.412459 2.802848 hargrave 2016-11-14 21:11:43 
TT 575 300.8  30.9 302.1  40.2 2.60E-03 002.4 166.1 -43.8 3.623473 10.12709 2.306288 hargrave 2016-11-16 13:31:50 
TT 580 302.5  31.0 304.0  40.3 2.59E-03 001.5 168.1 -44.0 3.344594 5.459429 2.328301 hargrave 2016-11-21 13:59:13 
TT 595 299.7  31.0 300.8  40.3 2.33E-03 001.4 164.8 -43.4 4.157507 3.516560 2.373038 hargrave 2016-11-23 13:09:48 
TT 610 302.8  32.0 304.4  41.2 1.95E-03 001.9 168.7 -43.1 2.365705 5.655326 2.260105 hargrave 2016-11-30 16:40:24 
TT 625 302.0  32.0 303.5  41.3 1.89E-03 002.5 167.8 -42.9 3.055608 7.732768 1.492276 hargrave 2016-12-09 14:17:32 
TT 640 302.0  31.8 303.5  41.1 1.77E-03 002.1 167.8 -43.1 4.113750 4.154213 2.868384 hargrave 2016-12-13 18:04:08 
TT 655 302.0  32.0 303.5  41.3 1.73E-03 002.1 167.9 -42.9 3.820676 4.526604 2.848805 hargrave 2016-12-15 15:48:03 
TT 665 301.7  32.3 303.1  41.6 1.61E-03 001.6 167.5 -42.6 2.529525 2.917868 2.175118 hargrave 2016-12-16 17:42:58 
TT 675 302.1  32.5 303.7  41.8 1.54E-03 002.0 168.1 -42.4 2.672264 4.499044 2.105102 hargrave 2016-12-22 11:51:03 
TT 680 298.3  31.5 299.2  40.9 1.27E-03 002.8 163.5 -42.5 2.527963 5.488982 1.351540 hargrave 2016-12-22 21:10:28 
