GB8- 1a mag compass orientation (IGRF corrected)
  187.2 196.5  46.0  20.7   9.5   1.0
NRM    299.9  32.4 301.2  41.8 4.39E-03 002.3 191.6 -12.6 5.193314 9.917691 13.36218 hargrave 2016-08-17 18:09:43 
NRM    300.1  32.4 301.4  41.8 4.39E-03 002.4 191.7 -12.6 5.332424 11.00736 13.37602 hargrave 2016-08-17 21:00:33 
LN2    300.2  32.3 301.5  41.7 4.14E-03 002.1 191.9 -12.7 4.532570 7.461428 12.43030 hargrave 2016-08-19 19:49:10 
TT 100 298.7  32.1 299.7  41.4 4.15E-03 002.3 190.6 -13.1 2.518449 11.32342 12.40749 hargrave 2016-08-26 15:11:28 
TT 200 298.1  31.6 299.1  41.0 4.04E-03 003.3 190.2 -13.7 5.344041 22.07129 6.449889 hargrave 2016-09-12 12:04:47 
TT 300 286.1  46.0 285.1  55.4 3.66E-03 018.3 179.7 -00.0 1.555493 62.31263 104.2698 hargrave 2016-09-13 13:43:35 
TT 300 286.0  46.0 284.9  55.4 3.67E-03 018.4 179.6 -00.0 1.574850 63.13406 104.0775 hargrave 2016-09-14 09:10:20 
TT 300 297.3  31.8 298.2  41.2 3.84E-03 001.0 189.4 -13.6 2.055343 3.167652 5.786419 hargrave 2016-09-14 12:12:33 
TT 350 302.1  30.6 303.5  39.8 3.66E-03 005.3 193.8 -14.1 6.470026 32.74833 6.124389 hargrave 2016-09-26 16:26:07 
TT 400 297.5  31.7 298.4  41.2 3.44E-03 003.5 189.7 -13.6 4.104992 20.15481 4.111373 hargrave 2016-10-03 18:40:37 
TT 425 297.8  31.9 298.7  41.3 3.30E-03 005.2 189.8 -13.4 4.786777 29.74221 4.301910 hargrave 2016-10-20 13:30:48 
TT 450 299.3  31.6 300.4  41.0 3.29E-03 003.7 191.1 -13.5 4.036494 20.23004 6.508348 hargrave 2016-10-28 10:45:17 
TT 475 297.6  31.8 298.5  41.3 3.05E-03 003.3 189.7 -13.5 3.767429 16.27475 5.932035 hargrave 2016-11-03 11:33:51 
TT 500 297.1  32.2 297.9  41.6 2.95E-03 002.6 189.2 -13.2 1.861644 12.71921 4.981054 hargrave 2016-11-07 11:45:32 
TT 525 300.7  31.8 302.0  41.2 2.78E-03 001.4 192.3 -13.1 2.259384 4.697032 4.888494 hargrave 2016-11-08 19:23:21 
TT 550 298.8  32.4 299.9  41.8 2.63E-03 001.9 190.6 -12.8 1.913174 7.387415 4.865887 hargrave 2016-11-09 14:44:00 
TT 560 301.1  32.1 302.5  41.5 2.49E-03 002.1 192.6 -12.7 2.062065 8.253255 3.535450 hargrave 2016-11-13 20:55:49 
TT 570 297.4  32.7 298.3  42.1 2.33E-03 002.5 189.4 -12.7 2.119558 9.620685 2.251057 hargrave 2016-11-14 21:08:34 
TT 575 298.4  32.9 299.4  42.3 2.15E-03 002.5 190.2 -12.4 1.596363 8.268868 3.836411 hargrave 2016-11-16 13:30:11 
TT 580 299.0  32.6 300.1  42.0 2.13E-03 001.9 190.7 -12.5 2.208845 5.525577 4.160355 hargrave 2016-11-21 13:57:30 
TT 595 300.6  32.9 301.9  42.2 1.87E-03 001.5 192.1 -12.0 1.463843 3.494108 3.014947 hargrave 2016-11-23 13:08:04 
TT 610 304.0  32.7 305.7  42.0 1.47E-03 001.3 194.9 -11.6 0.610672 1.880968 2.835363 hargrave 2016-11-30 16:38:45 
TT 625 300.4  33.9 301.8  43.2 1.40E-03 002.8 191.7 -11.1 2.271485 5.685681 3.139508 hargrave 2016-12-09 14:15:52 
TT 640 299.8  33.9 301.1  43.3 1.32E-03 001.6 191.2 -11.2 0.831090 3.388847 1.632986 hargrave 2016-12-13 18:02:29 
TT 655 305.4  33.0 307.3  42.2 1.29E-03 004.2 196.0 -11.1 2.778069 9.059570 1.514042 hargrave 2016-12-15 15:46:24 
TT 665 300.8  34.3 302.3  43.6 1.21E-03 002.5 192.0 -10.6 1.659986 4.654953 2.169210 hargrave 2016-12-16 17:41:21 
TT 675 301.5  33.9 303.0  43.2 1.17E-03 004.2 192.6 -10.9 1.709790 8.077722 2.422090 hargrave 2016-12-22 11:49:42 
TT 680 302.1  34.1 303.7  43.4 9.32E-04 004.9 193.1 -10.6 1.483218 7.522228 2.230634 hargrave 2016-12-22 21:09:09 
