GB8- 5a mag compass orientation (IGRF corrected)
  187.6 243.5  80.0  20.7   9.5   1.0
NRM    298.1  30.8 299.0  40.2 2.97E-03 003.8 141.5 -36.9 15.06885 7.627813 10.10714 hargrave 2016-08-17 18:17:27 
NRM    298.0  30.8 298.9  40.2 2.97E-03 003.7 141.4 -36.8 14.81354 8.169964 9.505593 hargrave 2016-08-17 21:09:17 
LN2    298.7  31.4 299.7  40.8 2.68E-03 003.7 142.4 -36.9 13.40882 6.355448 9.318674 hargrave 2016-08-19 19:56:49 
TT 100 299.1  31.5 300.2  40.9 2.71E-03 002.4 143.0 -37.0 5.042097 4.765340 8.991021 hargrave 2016-08-26 15:20:55 
TT 200 299.9  32.1 301.1  41.4 2.68E-03 003.0 144.0 -37.1 9.520383 10.36935 2.582426 hargrave 2016-09-12 12:14:13 
TT 300 332.2  80.0 037.2  83.1 1.65E-03 052.7 179.8 -00.0 4.022537 137.9614 168.8890 hargrave 2016-09-13 13:52:27 
TT 300 325.9  80.0 033.4  84.1 1.68E-03 052.0 178.7  00.1 5.500719 134.5187 169.1794 hargrave 2016-09-14 09:18:32 
TT 300 298.3  30.7 299.3  40.1 2.63E-03 003.7 141.6 -37.1 12.43086 12.10715 2.398122 hargrave 2016-09-14 12:19:27 
TT 350 300.0  31.6 301.2  41.0 2.55E-03 002.0 143.7 -37.5 5.847708 6.165936 3.730899 hargrave 2016-09-26 16:36:03 
TT 400 299.7  31.1 300.9  40.5 2.46E-03 003.7 143.0 -37.7 11.84529 10.18751 4.409059 hargrave 2016-10-03 18:50:02 
TT 425 299.2  31.1 300.3  40.5 2.40E-03 003.6 142.7 -37.4 11.40163 10.06962 3.405597 hargrave 2016-10-20 13:40:28 
TT 450 299.7  32.0 300.8  41.3 2.39E-03 002.2 143.7 -37.0 6.280171 7.042661 1.850699 hargrave 2016-10-28 10:54:35 
TT 475 296.7  28.8 297.4  38.3 2.30E-03 002.7 138.7 -37.4 7.649154 7.234746 2.622584 hargrave 2016-11-03 11:41:55 
TT 500 299.4  31.2 300.5  40.6 2.26E-03 002.6 142.8 -37.4 7.041848 7.077408 2.336812 hargrave 2016-11-07 11:54:48 
TT 525 297.7  30.1 298.5  39.5 2.21E-03 001.0 140.5 -37.2 2.323040 2.929643 1.838401 hargrave 2016-11-08 19:31:54 
TT 550 299.3  31.5 300.4  40.9 2.15E-03 001.2 143.0 -37.1 2.739380 3.260435 1.693069 hargrave 2016-11-09 14:51:21 
TT 560 300.1  32.2 301.3  41.5 2.09E-03 001.7 144.2 -37.1 4.855333 3.587964 2.143478 hargrave 2016-11-13 21:03:29 
TT 570 299.7  31.5 300.9  40.9 2.03E-03 002.1 143.4 -37.3 5.782040 4.212603 2.963804 hargrave 2016-11-14 21:18:06 
TT 575 299.1  31.4 300.2  40.8 1.99E-03 002.0 142.9 -37.1 4.482436 5.153687 1.639349 hargrave 2016-11-16 13:37:00 
TT 580 299.5  31.6 300.7  41.0 1.98E-03 002.8 143.3 -37.2 5.967343 7.517964 1.630710 hargrave 2016-11-21 14:05:15 
TT 595 297.5  30.4 298.3  39.8 1.89E-03 002.2 140.7 -36.8 5.539605 4.601962 2.094154 hargrave 2016-11-23 13:14:31 
TT 610 299.6  31.8 300.8  41.2 1.69E-03 001.5 143.6 -37.1 2.973462 3.002501 1.889320 hargrave 2016-11-30 16:45:53 
TT 625 301.2  33.6 302.7  42.9 1.66E-03 001.7 146.3 -36.7 2.943127 3.996455 1.325367 hargrave 2016-12-09 14:22:16 
TT 640 299.3  31.6 300.4  41.0 1.53E-03 004.5 143.1 -37.0 8.704001 7.967535 2.743956 hargrave 2016-12-13 18:10:10 
TT 655 298.7  31.5 299.7  40.9 1.50E-03 002.5 142.6 -36.8 4.840198 4.121843 2.028681 hargrave 2016-12-15 15:52:41 
TT 665 299.1  32.3 300.2  41.7 1.40E-03 001.6 143.6 -36.5 2.917549 2.272921 1.877546 hargrave 2016-12-16 17:47:32 
TT 675 298.2  31.4 299.2  40.8 1.26E-03 001.7 142.2 -36.6 2.219927 2.802143 1.489228 hargrave 2016-12-22 11:54:46 
TT 680 295.1  29.1 295.6  38.6 1.17E-03 001.5 137.8 -36.2 2.114261 2.578842 0.613027 hargrave 2016-12-22 21:14:08 
