GB8- 8a sun compass orientation
 187.45 229.9  75.0  20.7   9.5   1.0
NRM    297.0  27.8 297.7  37.2 1.06E-02 001.9 152.5 -41.8 23.84711 17.39925 19.67029 hargrave 2016-08-17 18:22:10 
NRM    297.3  27.9 298.1  37.4 1.06E-02 001.7 152.9 -41.8 21.29822 16.34408 19.74751 hargrave 2016-08-17 21:14:54 
LN2    296.7  27.4 297.3  36.9 1.01E-02 001.8 151.9 -42.0 18.14049 18.29693 19.93403 hargrave 2016-08-19 20:01:30 
TT 100 297.9  27.5 298.7  36.9 1.01E-02 001.4 153.2 -42.5 12.74915 13.71461 16.54889 hargrave 2016-08-26 15:25:41 
TT 200 295.7  26.7 296.2  36.1 9.65E-03 002.4 150.4 -42.1 17.95280 34.95171 13.58433 hargrave 2016-09-12 12:18:55 
TT 300 318.3  74.9 351.1  82.0 5.47E-03 055.5 179.6 -00.1 14.20900 431.6442 677.1032 hargrave 2016-09-13 13:59:59 
TT 300 319.1  74.8 352.0  81.8 5.47E-03 055.5 179.8 -00.2 14.71985 433.8899 676.0908 hargrave 2016-09-14 09:24:24 
TT 300 293.2  25.5 293.5  35.0 9.26E-03 002.7 147.0 -41.9 25.48499 36.50562 11.98193 hargrave 2016-09-14 12:25:53 
TT 350 295.9  26.4 296.5  35.9 8.94E-03 001.7 150.4 -42.5 13.65376 20.52182 13.92958 hargrave 2016-09-26 16:41:43 
TT 400 297.0  27.3 297.7  36.7 8.32E-03 002.0 152.1 -42.2 16.69466 24.10614 11.52935 hargrave 2016-10-03 18:54:47 
TT 425 297.1  27.5 297.8  37.0 8.01E-03 001.1 152.4 -42.1 10.19990 12.82853 12.14004 hargrave 2016-10-20 13:45:21 
TT 450 296.8  27.4 297.5  36.8 8.01E-03 001.9 152.0 -42.1 14.87816 16.65608 17.41567 hargrave 2016-10-28 11:03:33 
TT 475 295.0  26.1 295.5  35.6 7.55E-03 001.3 149.3 -42.3 9.594799 11.43843 10.55044 hargrave 2016-11-03 11:46:38 
TT 500 296.7  27.2 297.4  36.6 7.38E-03 001.3 151.8 -42.2 8.665309 11.04304 13.82979 hargrave 2016-11-07 12:00:25 
TT 525 293.0  25.0 293.3  34.5 7.24E-03 001.3 146.4 -42.2 8.181700 11.46186 9.865131 hargrave 2016-11-08 19:38:14 
TT 550 297.4  27.6 298.1  37.0 6.95E-03 001.5 152.7 -42.1 10.57993 10.45128 11.05173 hargrave 2016-11-09 14:58:08 
TT 560 298.2  28.0 299.1  37.4 6.57E-03 002.2 153.9 -42.2 10.84981 21.00042 9.796006 hargrave 2016-11-13 21:10:41 
TT 570 298.9  27.8 299.8  37.2 6.13E-03 001.8 154.5 -42.6 10.62985 13.50982 8.374279 hargrave 2016-11-14 21:23:43 
TT 575 297.4  27.8 298.1  37.2 5.90E-03 001.6 152.9 -41.9 10.74177 9.947526 8.280937 hargrave 2016-11-16 13:42:35 
TT 580 296.5  27.1 297.1  36.5 5.83E-03 001.8 151.5 -42.2 6.895681 14.04596 9.613997 hargrave 2016-11-21 14:11:36 
TT 595 297.3  28.2 298.0  37.6 4.69E-03 001.4 153.0 -41.6 7.045241 9.162678 5.984880 hargrave 2016-11-23 13:19:16 
TT 610 298.3  29.7 299.2  39.1 2.26E-03 001.6 155.1 -40.6 2.614707 5.001043 3.378953 hargrave 2016-11-30 16:50:36 
TT 625 294.9  29.2 295.4  38.7 2.00E-03 004.5 151.4 -39.6 6.056527 14.46701 2.808636 hargrave 2016-12-09 14:27:07 
TT 640 298.3  31.0 299.3  40.4 1.81E-03 002.6 155.9 -39.5 4.348220 6.889800 2.224521 hargrave 2016-12-13 18:15:46 
TT 655 295.3  29.9 295.8  39.4 1.74E-03 002.5 152.3 -39.2 3.671911 6.537888 1.894444 hargrave 2016-12-15 15:57:24 
TT 665 297.0  30.8 297.8  40.2 1.63E-03 001.7 154.5 -39.2 2.694803 3.476134 2.011695 hargrave 2016-12-16 17:51:59 
TT 675 300.3  32.6 301.6  42.0 1.35E-03 001.9 158.8 -38.8 3.035834 2.426768 2.468124 hargrave 2016-12-22 11:58:38 
TT 680 295.0  30.6 295.6  40.0 1.36E-03 004.2 152.4 -38.5 6.299849 7.261869 2.775790 hargrave 2016-12-22 21:17:38 
