GB1- 6a mag compass orientation (IGRF corrected)
   1.65  73.5  10.0  22.2   9.5   1.0
NRM    300.0  42.8 301.6  52.2 4.20E-03 002.4 308.8  49.6 15.19671 7.983838 5.957855 hargrave 2016-08-17 16:25:10 
NRM    299.3  42.8 300.8  52.2 4.20E-03 002.8 308.1  49.5 17.75727 9.485566 5.682598 hargrave 2016-08-17 19:17:48 
LN2    297.7  43.2 298.8  52.6 4.16E-03 004.5 306.1  49.6 27.97832 16.27356 5.107851 hargrave 2016-08-19 18:07:44 
TT 100 301.9  42.5 303.8  51.8 4.17E-03 001.5 311.0  49.5 7.588946 6.668166 5.583236 hargrave 2016-08-26 13:28:24 
TT 200 301.1  41.7 302.8  51.0 4.20E-03 002.1 310.3  48.6 12.56100 7.431117 5.072920 hargrave 2016-08-31 17:29:28 
TT 300 302.1  41.2 304.0  50.5 4.23E-03 001.9 311.6  48.3 11.20125 6.683084 5.608329 hargrave 2016-09-01 15:01:19 
TT 350 301.8  41.1 303.6  50.4 4.10E-03 002.1 311.3  48.1 12.01700 7.363436 5.313700 hargrave 2016-09-02 14:23:38 
TT 400 300.9  40.6 302.5  50.0 3.83E-03 001.9 310.4  47.6 10.35918 7.866267 3.122307 hargrave 2016-09-08 10:28:39 
TT 425 298.8  40.7 300.0  50.1 3.65E-03 002.1 308.0  47.4 11.27336 8.477110 2.657763 hargrave 2016-09-08 16:38:20 
TT 450 301.0  40.5 302.7  49.8 3.40E-03 001.9 310.6  47.5 7.810119 8.826499 2.256923 hargrave 2016-09-12 10:24:45 
TT 475 298.9  40.8 300.2  50.3 3.17E-03 001.4 308.1  47.5 5.805358 5.611341 3.524356 hargrave 2016-09-12 21:10:09 
TT 500 301.4  40.1 303.0  49.5 2.94E-03 001.4 311.0  47.1 4.688498 5.848188 2.268458 hargrave 2016-09-15 11:10:03 
TT 525 300.5  40.4 302.0  49.8 2.71E-03 002.1 310.0  47.3 7.465594 6.715703 2.312090 hargrave 2016-09-19 17:21:58 
TT 550 300.8  40.2 302.3  49.6 2.35E-03 002.5 310.4  47.2 6.884688 7.796819 1.775511 hargrave 2016-09-22 16:23:05 
TT 560 297.9  40.5 299.0  49.9 2.09E-03 001.5 307.2  47.0 4.089024 4.298487 1.220722 hargrave 2016-09-29 09:59:40 
TT 570 301.6  40.1 303.3  49.5 1.86E-03 003.2 311.3  47.2 7.555157 6.944656 2.011114 hargrave 2016-10-03 17:02:11 
TT 575 303.0  39.9 304.9  49.2 1.70E-03 001.5 312.9  47.2 2.850351 3.313691 1.626430 hargrave 2016-10-08 13:37:20 
TT 580 302.0  40.1 303.7  49.4 1.53E-03 002.5 311.7  47.2 4.758988 4.751581 1.445429 hargrave 2016-10-20 11:36:54 
TT 595 303.2  40.0 305.1  49.3 1.13E-03 001.5 313.1  47.2 1.960400 2.243067 1.219586 hargrave 2016-10-24 23:41:26 
TT 610 298.0  40.4 299.1  49.8 5.25E-04 002.6 307.3  46.9 1.681554 1.699859 0.487605 hargrave 2016-11-07 10:01:07 
TT 625 300.7  40.2 302.2  49.6 4.33E-04 002.2 310.3  47.1 1.157312 1.176957 0.445379 hargrave 2016-11-08 11:24:40 
TT 640 300.8  39.3 302.3  48.7 3.34E-04 001.7 310.7  46.3 0.747537 0.653869 0.351333 hargrave 2016-11-09 10:22:31 
TT 655 298.1  40.1 299.1  49.5 2.93E-04 001.3 307.4  46.6 0.489558 0.430510 0.253113 hargrave 2016-11-10 11:08:21 
TT 665 302.1  39.8 303.9  49.1 2.15E-04 001.3 312.0  46.9 0.297492 0.360247 0.248604 hargrave 2016-11-11 12:04:02 
TT 675 299.6  40.4 301.0  49.9 1.74E-04 001.6 309.1  47.2 0.314625 0.348951 0.180685 hargrave 2016-11-14 19:28:46 
TT 680 289.0  39.8 288.4  49.2 4.05E-05 001.3 297.7  45.0 0.058975 0.050864 0.067303 hargrave 2016-11-15 18:16:31 
