GB1- 5a mag compass orientation (IGRF corrected)
   1.25 294.5  39.0  22.2   9.5   1.0
NRM    285.7  28.7 284.9  38.2 3.35E-03 001.8 102.9  27.3 5.081344 3.893570 8.163199 hargrave 2016-08-17 16:23:17 
NRM    285.8  29.0 285.0  38.4 3.35E-03 001.7 103.1  27.4 5.640119 3.165209 7.586065 hargrave 2016-08-17 19:15:56 
LN2    286.8  29.2 286.2  38.6 3.33E-03 002.2 104.0  26.9 8.475119 3.573904 9.374930 hargrave 2016-08-19 18:05:52 
TT 100 287.7  30.1 287.1  39.5 3.33E-03 002.1 105.3  27.0 8.840276 2.739742 7.862330 hargrave 2016-08-26 13:25:41 
TT 200 287.2  29.0 286.6  38.4 3.38E-03 002.1 104.1  26.5 8.946019 4.726963 7.777221 hargrave 2016-08-31 17:27:51 
TT 300 285.8  27.4 285.1  36.8 3.29E-03 002.4 101.9  26.2 10.40520 5.182789 7.617473 hargrave 2016-09-01 14:58:51 
TT 350 286.9  28.2 286.3  37.6 3.18E-03 001.6 103.3  26.1 4.507625 3.106968 7.195606 hargrave 2016-09-02 14:22:00 
TT 400 286.5  28.8 285.8  38.3 3.00E-03 001.2 103.5  26.8 2.955682 2.073430 5.575950 hargrave 2016-09-08 10:26:40 
TT 425 282.5  25.1 281.6  34.4 2.89E-03 001.6 097.8  26.6 5.742370 2.136820 5.587164 hargrave 2016-09-08 16:36:15 
TT 450 285.7  27.9 284.9  37.3 2.72E-03 004.5 102.2  26.7 20.07151 6.330584 5.132556 hargrave 2016-09-12 10:22:53 
TT 475 282.0  24.8 281.0  34.1 2.58E-03 005.0 097.2  26.7 21.25287 5.347403 5.709333 hargrave 2016-09-12 21:08:15 
TT 500 286.7  28.7 286.0  38.2 2.45E-03 001.8 103.6  26.7 5.220998 3.194919 4.854056 hargrave 2016-09-15 11:08:26 
TT 525 285.6  27.9 284.8  37.4 2.31E-03 001.7 102.2  26.8 3.060150 2.837600 5.572781 hargrave 2016-09-19 17:20:22 
TT 550 284.5  27.2 283.7  36.6 2.00E-03 005.4 100.9  26.9 18.31910 4.402903 3.389399 hargrave 2016-09-22 16:21:29 
TT 560 285.1  27.5 284.3  36.9 1.83E-03 004.1 101.5  26.7 11.79426 4.081171 4.132159 hargrave 2016-09-29 09:57:58 
TT 570 286.8  29.1 286.2  38.5 1.69E-03 003.1 104.0  26.8 8.010588 3.164198 2.797810 hargrave 2016-10-03 17:00:19 
TT 575 286.8  29.2 286.1  38.7 1.58E-03 002.6 104.0  27.0 6.048619 2.697754 2.729341 hargrave 2016-10-08 13:35:37 
TT 580 287.5  30.1 286.9  39.6 1.46E-03 001.7 105.3  27.2 2.935861 1.802623 2.495585 hargrave 2016-10-20 11:34:59 
TT 595 284.6  27.4 283.8  36.8 1.17E-03 006.6 101.0  27.0 13.08785 3.511755 1.982165 hargrave 2016-10-24 23:39:50 
TT 610 287.2  29.0 286.6  38.5 4.93E-04 004.0 104.2  26.5 3.197570 1.071928 0.709384 hargrave 2016-11-07 09:59:16 
TT 625 286.3  29.3 285.6  38.8 3.71E-04 002.3 103.8  27.3 1.237959 0.539743 0.598117 hargrave 2016-11-08 11:22:48 
TT 640 283.0  25.6 282.1  35.0 2.51E-04 004.5 098.5  26.7 1.897648 0.424541 0.351056 hargrave 2016-11-09 10:20:37 
TT 655 285.8  27.9 285.0  37.4 2.13E-04 001.2 102.3  26.6 0.337293 0.234385 0.258953 hargrave 2016-11-10 11:06:42 
TT 665 290.0  32.9 289.7  42.4 1.40E-04 004.5 109.2  27.6 1.011124 0.387257 0.161102 hargrave 2016-11-11 12:02:05 
TT 675 283.8  29.5 282.8  38.9 9.67E-05 001.8 102.1  29.0 0.242330 0.128841 0.149477 hargrave 2016-11-14 19:26:55 
TT 680 291.1  34.7 291.0  44.2 3.15E-05 002.9 111.3  28.2 0.120786 0.083376 0.069965 hargrave 2016-11-15 18:13:50 
