GB1- 4a mag compass orientation (IGRF corrected)
    1.3 346.5  22.0  22.2   9.5   1.0
NRM    298.7  40.9 300.0  50.3 3.52E-03 001.9 061.7  54.8 9.541485 5.426706 4.989753 hargrave 2016-08-17 16:21:29 
NRM    298.1  40.8 299.1  50.2 3.52E-03 001.9 060.8  54.9 8.013972 6.128847 5.508821 hargrave 2016-08-17 19:14:08 
LN2    303.2  42.6 305.3  51.9 3.49E-03 002.9 068.2  54.8 16.07896 5.370364 5.809567 hargrave 2016-08-19 18:04:03 
TT 100 299.7  41.1 301.2  50.5 3.49E-03 002.0 063.1  54.6 9.764202 4.912472 5.508099 hargrave 2016-08-26 13:23:53 
TT 200 298.5  40.1 299.6  49.5 3.52E-03 001.6 060.8  54.1 7.407684 4.553617 5.873568 hargrave 2016-08-31 17:26:19 
TT 300 298.5  39.7 299.7  49.1 3.38E-03 001.5 060.6  53.7 6.112095 4.702373 5.587244 hargrave 2016-09-01 14:56:28 
TT 350 299.9  39.9 301.3  49.3 3.24E-03 001.5 062.4  53.5 5.891257 4.435674 5.395586 hargrave 2016-09-02 14:20:28 
TT 400 297.6  39.7 298.5  49.2 2.97E-03 001.8 059.4  54.1 7.365451 4.283143 3.806950 hargrave 2016-09-08 10:25:26 
TT 425 298.3  39.8 299.3  49.3 2.83E-03 001.4 060.4  54.0 5.000011 3.918172 3.548050 hargrave 2016-09-08 16:34:05 
TT 450 298.0  39.8 299.0  49.2 2.64E-03 002.1 060.0  54.0 7.784319 4.730435 2.779873 hargrave 2016-09-12 10:21:06 
TT 475 296.7  39.3 297.5  48.8 2.48E-03 001.6 058.2  54.0 4.713019 4.530437 2.655565 hargrave 2016-09-12 21:06:25 
TT 500 299.8  40.5 301.1  49.9 2.36E-03 001.9 062.6  54.0 6.110344 3.732939 2.891419 hargrave 2016-09-15 11:06:53 
TT 525 298.9  40.2 300.1  49.6 2.21E-03 001.7 061.4  54.0 4.774731 3.501366 2.774812 hargrave 2016-09-19 17:18:51 
TT 550 298.0  39.8 299.1  49.3 1.98E-03 003.2 060.1  54.0 9.774654 5.017951 2.872032 hargrave 2016-09-22 16:19:53 
TT 560 296.5  38.7 297.2  48.2 1.78E-03 001.8 057.4  53.5 4.597268 2.614191 2.586909 hargrave 2016-09-29 09:56:21 
TT 570 298.9  39.8 300.1  49.2 1.66E-03 002.2 061.1  53.7 4.587625 4.307519 1.662297 hargrave 2016-10-03 16:58:30 
TT 575 300.0  40.5 301.5  49.9 1.55E-03 001.7 063.0  54.0 3.156628 2.680623 1.836507 hargrave 2016-10-08 13:33:55 
TT 580 300.0  40.4 301.5  49.8 1.44E-03 001.5 062.9  53.9 2.829149 2.380070 1.256436 hargrave 2016-10-20 11:33:07 
TT 595 300.1  40.3 301.5  49.7 1.16E-03 002.3 062.8  53.7 3.667268 2.646526 0.845685 hargrave 2016-10-24 23:38:15 
TT 610 300.0  40.1 301.4  49.4 5.44E-04 003.8 062.5  53.6 3.123948 1.858843 0.303324 hargrave 2016-11-07 09:57:27 
TT 625 299.6  40.5 300.9  49.9 3.64E-04 001.5 062.3  54.1 0.715104 0.610155 0.236357 hargrave 2016-11-08 11:21:01 
TT 640 297.8  39.9 298.8  49.3 2.34E-04 002.5 059.8  54.1 0.809912 0.585096 0.192388 hargrave 2016-11-09 10:17:58 
TT 655 297.8  40.0 298.8  49.5 2.00E-04 002.0 060.0  54.3 0.595940 0.310201 0.195132 hargrave 2016-11-10 11:02:56 
TT 665 299.0  40.2 300.2  49.6 1.42E-04 001.6 061.4  54.0 0.301533 0.220040 0.114621 hargrave 2016-11-11 12:00:13 
TT 675 298.3  41.7 299.4  51.2 9.00E-05 001.4 061.8  55.7 0.157354 0.167851 0.050059 hargrave 2016-11-14 19:25:07 
TT 680 305.4  45.9 308.3  55.1 2.79E-05 001.9 073.5  56.9 0.082683 0.039093 0.028320 hargrave 2016-11-15 18:12:02 
