GB1- 1a mag compass orientation (IGRF corrected)
   0.75  12.5  19.0  22.2   9.5   1.0
NRM    300.8  40.8 302.4  50.1 4.40E-03 001.7 027.0  58.4 8.253270 9.788509 4.268501 hargrave 2016-08-17 16:16:25 
NRM    299.2  40.7 300.5  50.2 4.40E-03 002.5 024.7  58.6 8.766990 17.02897 4.826046 hargrave 2016-08-17 19:09:06 
LN2    303.2  41.2 305.2  50.5 4.38E-03 002.1 030.5  58.4 11.70358 9.502963 5.121433 hargrave 2016-08-19 17:59:00 
TT 100 302.1  40.9 303.9  50.2 4.38E-03 001.4 028.8  58.3 7.642290 7.375502 5.868230 hargrave 2016-08-26 13:18:50 
TT 200 302.3  39.2 304.0  48.6 4.39E-03 001.9 028.5  56.7 7.106094 12.81557 5.863486 hargrave 2016-08-31 17:20:41 
TT 300 300.7  38.8 302.1  48.2 4.32E-03 001.4 026.1  56.4 8.064712 7.166564 5.377883 hargrave 2016-09-01 14:50:50 
TT 350 301.3  38.3 302.8  47.6 4.08E-03 001.5 026.8  55.9 8.416587 6.711582 5.105900 hargrave 2016-09-02 14:14:47 
TT 400 299.7  38.1 300.9  47.5 3.69E-03 002.9 024.5  55.9 15.63527 6.987375 7.823644 hargrave 2016-09-08 10:21:31 
TT 425 300.0  38.2 301.3  47.6 3.49E-03 003.1 025.0  55.9 15.97479 6.762331 7.949852 hargrave 2016-09-08 16:30:13 
TT 450 301.7  38.4 303.3  47.7 3.23E-03 003.3 027.3  55.9 14.45911 10.70839 5.676393 hargrave 2016-09-12 10:15:55 
TT 475 301.8  38.4 303.4  47.7 3.02E-03 002.0 027.5  55.9 7.932522 5.468803 4.297948 hargrave 2016-09-12 21:01:14 
TT 500 301.3  38.5 302.8  47.9 2.86E-03 002.9 026.9  56.1 12.14490 5.445496 6.211256 hargrave 2016-09-15 11:02:06 
TT 525 301.5  38.4 303.0  47.7 2.64E-03 003.2 027.0  55.9 11.53688 7.468329 5.220685 hargrave 2016-09-19 17:13:52 
TT 550 302.2  38.0 303.8  47.4 2.30E-03 003.4 027.9  55.5 11.56069 6.221386 5.054031 hargrave 2016-09-22 16:14:59 
TT 560 300.5  38.4 301.9  47.8 1.94E-03 002.8 025.8  56.1 8.232377 3.626607 4.064643 hargrave 2016-09-29 09:50:34 
TT 570 302.1  38.6 303.7  47.9 1.83E-03 004.8 027.9  56.1 9.344535 12.27873 2.672424 hargrave 2016-10-03 16:52:36 
TT 575 301.9  38.5 303.5  47.8 1.71E-03 003.1 027.6  56.0 7.269095 4.490194 3.470315 hargrave 2016-10-08 13:29:05 
TT 580 302.8  38.2 304.5  47.5 1.58E-03 002.5 028.8  55.6 5.337215 4.018074 2.434123 hargrave 2016-10-20 11:27:54 
TT 595 300.2  38.3 301.5  47.7 1.26E-03 003.9 025.2  56.0 5.917928 6.028181 1.914767 hargrave 2016-10-24 23:33:30 
TT 610 301.4  38.7 303.0  48.1 8.65E-04 003.2 027.1  56.3 3.862909 2.752453 1.304915 hargrave 2016-11-07 09:52:21 
TT 625 301.5  39.7 303.2  49.0 4.64E-04 002.9 027.6  57.2 1.674273 1.616213 0.594568 hargrave 2016-11-08 11:15:59 
TT 640 299.0  38.1 300.1  47.5 3.37E-04 002.0 023.5  56.0 0.807695 0.756550 0.473573 hargrave 2016-11-09 10:12:44 
TT 655 300.2  38.2 301.6  47.6 2.19E-04 002.4 025.3  55.9 0.688755 0.478619 0.376439 hargrave 2016-11-10 10:58:02 
TT 665 301.7  39.0 303.3  48.4 1.79E-04 002.3 027.6  56.5 0.550280 0.383149 0.304201 hargrave 2016-11-11 11:55:10 
TT 675 299.9  38.3 301.1  47.7 8.50E-05 002.4 024.8  56.1 0.257767 0.238294 0.107559 hargrave 2016-11-14 19:20:06 
TT 680 305.4  44.2 308.1  53.4 3.41E-05 002.6 035.0  60.9 0.119894 0.099340 0.032427 hargrave 2016-11-15 18:07:01 
