AP2- 3a sun compass orientation
     12 114.4  29.0  70.3  13.0 1.0
NRM    114.2 -52.6 098.1 -60.3 1.29E-02 002.0 057.4 -43.9 23.42727 35.86761 15.00137 hargrave 2016-04-08 16:32:44
LN2    114.1 -54.3 096.9 -61.9 1.19E-02 002.4 055.8 -45.1 28.12922 40.44738 12.80970 hargrave 2016-04-11 16:49:37
TT 100 115.9 -53.8 099.3 -61.8 1.19E-02 002.2 057.4 -45.5 27.44291 34.47038 11.89917 hargrave 2016-04-18 09:35:23
TT 200 114.8 -54.2 097.8 -62.0 1.19E-02 001.0 056.3 -45.4 7.395933 19.56874 10.24847 hargrave 2016-04-18 16:50:05
TT 300 116.8 -53.5 100.7 -61.7 1.18E-02 001.5 058.3 -45.7 18.21267 24.74121 9.106791 hargrave 2016-04-19 12:36:26
TT 350 115.7 -53.8 099.1 -61.8 1.14E-02 001.4 057.3 -45.5 18.76911 18.69484 15.41564 hargrave 2016-04-25 12:13:24
TT 400 116.6 -54.0 100.1 -62.1 1.11E-02 001.5 057.7 -45.9 15.90155 23.16307 13.69689 hargrave 2016-04-26 09:08:40
TT 450 115.8 -54.6 098.7 -62.5 1.05E-02 001.4 056.5 -46.1 13.40740 21.64784 12.33005 hargrave 2016-04-26 16:38:28
TT 475 115.9 -54.5 098.8 -62.4 9.85E-03 001.8 056.7 -46.0 20.56654 24.10043 6.959466 hargrave 2016-05-02 13:32:37
TT 500 116.5 -54.5 099.6 -62.6 9.28E-03 001.2 057.1 -46.3 13.27619 14.49868 10.50335 hargrave 2016-05-02 19:54:50
TT 525 116.7 -54.3 099.9 -62.4 8.30E-03 001.3 057.4 -46.1 16.07492 11.50955 8.004948 hargrave 2016-05-03 18:47:47
TT 550 116.3 -54.8 099.1 -62.8 6.59E-03 001.4 056.6 -46.4 8.561908 14.15836 7.821235 hargrave 2016-05-12 14:29:06
TT 560 115.2 -55.8 097.0 -63.6 5.36E-03 001.7 054.9 -46.7 8.243777 13.44968 6.133727 hargrave 2016-05-16 12:09:12
TT 570 116.7 -56.2 098.5 -64.2 3.67E-03 001.6 055.4 -47.5 5.180565 8.857508 4.770840 hargrave 2016-05-16 18:09:39
TT 575 116.1 -56.3 097.7 -64.2 2.52E-03 001.6 054.9 -47.4 3.273354 6.143416 3.473415 hargrave 2016-05-17 14:28:33
TT 580 117.4 -56.2 099.3 -64.3 1.79E-03 001.1 055.8 -47.8 2.314773 2.841207 1.919942 hargrave 2016-05-18 11:19:40
