AP2- 4a sun compass orientation
     12 125.5  27.0  70.3  13.0 1.0
NRM    111.1 -53.9 093.7 -60.9 1.43E-02 001.5 048.9 -40.8 22.63866 31.35158 7.453676 hargrave 2016-04-08 16:34:22
LN2    111.8 -54.7 094.0 -61.8 1.33E-02 001.3 048.7 -41.7 16.90067 24.37463 6.727433 hargrave 2016-04-11 16:51:13
TT 100 113.4 -54.9 095.6 -62.3 1.33E-02 001.4 049.6 -42.4 22.81846 22.96385 7.352978 hargrave 2016-04-18 09:38:19
TT 200 112.7 -55.7 094.2 -62.9 1.36E-02 001.7 048.5 -42.8 32.23380 25.71389 5.925443 hargrave 2016-04-18 16:51:24
TT 300 113.1 -56.4 094.2 -63.6 1.35E-02 001.4 048.2 -43.5 23.07740 21.43123 10.84716 hargrave 2016-04-19 12:37:45
TT 350 113.1 -56.2 094.3 -63.4 1.28E-02 001.2 048.4 -43.3 19.07818 20.55251 11.69361 hargrave 2016-04-25 12:15:01
TT 400 114.0 -56.5 095.0 -63.9 1.23E-02 001.1 048.6 -43.8 16.47980 18.58639 10.36597 hargrave 2016-04-26 09:10:18
TT 450 113.0 -57.2 093.2 -64.4 1.16E-02 001.1 047.4 -44.1 16.87437 17.77780 9.975180 hargrave 2016-04-26 16:40:06
TT 475 113.5 -57.0 094.1 -64.3 1.10E-02 001.0 047.9 -44.1 13.62407 15.70847 6.873030 hargrave 2016-05-02 13:34:14
TT 500 113.9 -56.8 094.6 -64.2 1.03E-02 001.1 048.3 -44.1 13.63526 16.32674 6.968090 hargrave 2016-05-02 19:56:32
TT 525 112.1 -57.4 092.0 -64.4 9.32E-03 001.2 046.7 -44.0 14.20694 15.50070 6.110737 hargrave 2016-05-03 18:49:25
TT 550 111.8 -57.9 091.3 -64.7 7.45E-03 001.0 046.2 -44.2 9.601133 10.67253 5.488498 hargrave 2016-05-12 14:31:35
TT 560 112.4 -58.3 091.6 -65.2 6.11E-03 001.1 046.1 -44.7 7.617830 10.13632 4.371598 hargrave 2016-05-16 12:10:50
TT 570 114.5 -58.3 094.0 -65.7 4.37E-03 001.5 047.3 -45.4 7.341462 9.340333 3.124422 hargrave 2016-05-16 18:11:16
TT 575 114.4 -57.7 094.4 -65.2 3.14E-03 001.2 047.8 -45.0 3.985525 5.551744 2.560396 hargrave 2016-05-17 14:30:10 
TT 580 115.4 -58.7 094.7 -66.2 2.28E-03 001.0 047.5 -46.0 2.893208 3.326876 1.438992 hargrave 2016-05-18 11:21:20
