AP2- 7a mag compass orientation (IGRF corrected)
   13.5  39.3  29.0  70.3  13.0 1.0
NRM    105.8 -50.4 090.1 -56.5 1.12E-02 001.3 118.4 -73.2 19.85900 17.14052 5.887824 hargrave 2016-04-08 16:38:58
LN2    105.7 -50.1 090.2 -56.2 1.07E-02 001.1 119.0 -72.9 14.96429 15.35729 6.204748 hargrave 2016-04-11 16:56:34
TT 100 106.9 -50.2 091.5 -56.6 1.09E-02 001.2 120.8 -73.5 12.66672 18.47400 6.672379 hargrave 2016-04-18 09:41:56
TT 200 110.3 -54.8 092.2 -61.6 1.16E-02 001.3 113.5 -78.2 15.58220 21.81352 7.531087 hargrave 2016-04-18 16:55:00
TT 300 111.0 -55.5 092.4 -62.4 1.13E-02 001.6 111.7 -79.0 15.51549 27.92879 6.913373 hargrave 2016-04-19 12:41:29
TT 350 111.7 -55.3 093.3 -62.4 7.63E-03 001.7 113.7 -79.2 15.66250 17.22652 8.855120 hargrave 2016-04-25 12:20:28
TT 400 111.8 -55.8 093.1 -62.8 6.65E-03 001.6 111.8 -79.5 12.39583 14.50423 7.944526 hargrave 2016-04-26 09:14:49
TT 450 111.0 -55.4 092.5 -62.3 5.51E-03 001.7 112.0 -78.9 10.53210 12.67164 6.118661 hargrave 2016-04-26 16:44:38
TT 475 111.4 -55.6 092.8 -62.6 4.87E-03 001.6 111.9 -79.2 9.056401 10.10469 2.925563 hargrave 2016-05-02 13:38:44
TT 500 112.3 -55.5 093.9 -62.7 4.51E-03 001.5 114.2 -79.6 8.255397 9.174855 4.917886 hargrave 2016-05-02 20:01:02
TT 525 111.7 -55.9 092.8 -62.9 3.90E-03 001.6 111.1 -79.5 7.152696 7.981942 3.609792 hargrave 2016-05-03 18:53:55
TT 550 111.0 -55.9 092.1 -62.8 3.29E-03 001.6 109.9 -79.2 5.980265 6.954709 3.560681 hargrave 2016-05-12 14:36:07
TT 560 112.9 -55.9 094.3 -63.1 2.59E-03 001.5 113.6 -80.0 4.804109 4.845311 2.971736 hargrave 2016-05-16 12:15:22
TT 570 113.4 -54.7 095.8 -62.1 1.74E-03 001.5 119.9 -79.5 3.086956 3.438821 2.130776 hargrave 2016-05-16 18:15:47
TT 575 110.7 -56.0 091.6 -62.8 1.26E-03 001.5 109.1 -79.1 2.245322 2.616205 1.588556 hargrave 2016-05-17 14:35:31 
TT 580 113.5 -54.7 095.9 -62.2 1.01E-03 001.5 120.0 -79.6 1.749422 1.996156 1.095977 hargrave 2016-05-18 11:25:57
