AP2- 8a mag compass orientation (IGRF corrected)
   13.2 225.3  36.0  70.3  13.0 1.0
NRM    108.9 -49.5 094.1 -56.3 1.43E-02 002.9 342.5 -15.9 12.55145 58.11014 39.63771 hargrave 2016-04-08 16:40:27
LN2    108.4 -49.8 093.4 -56.5 1.36E-02 003.0 342.3 -16.3 14.76203 58.58070 37.94927 hargrave 2016-04-11 16:59:47
TT 100 109.3 -50.5 093.9 -57.3 1.37E-02 003.2 343.0 -16.8 14.40328 63.84707 40.28680 hargrave 2016-04-18 09:43:06
TT 200 109.0 -53.2 091.9 -59.9 1.44E-02 001.7 343.7 -19.4 13.90170 13.61689 40.18111 hargrave 2016-04-18 16:56:09
TT 300 110.4 -54.5 092.5 -61.3 1.44E-02 001.8 344.9 -20.4 13.72778 12.70232 42.95941 hargrave 2016-04-19 12:42:43
TT 350 113.4 -55.0 095.5 -62.4 1.18E-02 001.7 346.8 -20.5 13.15050 16.24603 30.13556 hargrave 2016-04-25 12:21:57
TT 400 110.2 -54.8 092.1 -61.6 1.07E-02 001.8 344.9 -20.8 11.52475 18.32211 27.10128 hargrave 2016-04-26 09:16:18
TT 450 110.8 -55.5 092.1 -62.4 9.60E-03 002.9 345.4 -21.4 11.24724 41.55265 25.12564 hargrave 2016-04-26 16:46:57
TT 475 110.3 -55.6 091.5 -62.4 8.72E-03 002.1 345.2 -21.5 12.75821 10.64535 27.77213 hargrave 2016-05-02 13:40:17
TT 500 109.4 -56.1 090.1 -62.6 8.13E-03 001.9 344.7 -22.1 8.286252 14.29103 22.17109 hargrave 2016-05-02 20:02:35
TT 525 114.0 -56.4 095.1 -63.8 7.17E-03 001.9 347.5 -21.7 10.36016 11.19738 19.52216 hargrave 2016-05-03 18:55:23
TT 550 109.5 -56.0 090.3 -62.5 5.83E-03 001.9 344.7 -22.0 6.466636 11.91846 15.37079 hargrave 2016-05-12 14:37:36
TT 560 109.4 -57.3 089.1 -63.7 4.50E-03 002.4 345.1 -23.3 4.895570 14.62278 11.80108 hargrave 2016-05-16 12:16:51
TT 570 108.2 -58.7 086.5 -64.7 3.44E-03 002.1 344.9 -24.8 3.714041 8.807804 9.172742 hargrave 2016-05-16 18:17:13
TT 575 107.4 -58.2 086.1 -64.1 2.91E-03 001.9 344.3 -24.4 3.147638 5.479348 7.742552 hargrave 2016-05-17 14:37:00 
TT 580 110.6 -57.8 090.0 -64.4 2.54E-03 001.8 345.9 -23.6 3.403247 2.835239 6.986575 hargrave 2016-05-18 11:27:28
