AP2- 6a mag compass orientation (IGRF corrected)
   12.8  60.3  20.0  70.3  13.0 1.0
NRM    103.5 -56.4 083.4 -61.6 1.54E-02 001.1 100.0 -65.8 19.33377 22.90402 4.989531 hargrave 2016-04-08 16:37:30
LN2    103.8 -56.0 084.1 -61.3 1.45E-02 001.2 100.9 -65.6 22.69365 23.09640 4.996718 hargrave 2016-04-11 16:54:16
TT 100 105.0 -56.6 084.8 -62.1 1.47E-02 001.1 101.3 -66.5 19.06134 22.24544 5.944435 hargrave 2016-04-18 09:40:47
TT 200 108.4 -59.7 085.7 -65.7 1.55E-02 001.3 099.8 -70.0 26.71584 23.54307 5.973552 hargrave 2016-04-18 16:53:50
TT 300 108.8 -60.3 085.4 -66.3 1.50E-02 001.3 098.9 -70.6 26.38911 23.93905 4.796475 hargrave 2016-04-19 12:40:20
TT 350 109.5 -61.4 085.0 -67.4 1.10E-02 001.7 097.4 -71.6 24.63689 22.95932 8.766756 hargrave 2016-04-25 12:19:00
TT 400 110.4 -61.4 086.0 -67.7 1.02E-02 001.5 098.3 -71.9 18.77069 19.96137 8.449455 hargrave 2016-04-26 09:13:21
TT 450 110.3 -61.4 085.8 -67.6 9.52E-03 001.6 098.1 -71.9 19.65546 19.32373 7.827890 hargrave 2016-04-26 16:43:10
TT 475 110.5 -61.5 086.0 -67.7 8.91E-03 001.5 098.2 -72.0 17.15442 16.86744 2.021314 hargrave 2016-05-02 13:37:17
TT 500 109.8 -62.1 084.5 -68.1 8.43E-03 001.5 096.0 -72.2 15.77059 16.79721 6.011905 hargrave 2016-05-02 19:59:36
TT 525 110.4 -61.9 085.5 -68.1 7.53E-03 001.5 097.3 -72.2 14.11925 14.12342 5.561840 hargrave 2016-05-03 18:52:27
TT 550 109.9 -61.6 085.1 -67.7 5.79E-03 001.7 097.2 -71.9 13.08452 11.64931 4.642688 hargrave 2016-05-12 14:34:39
TT 560 110.9 -61.9 086.0 -68.2 4.21E-03 001.5 097.8 -72.4 7.816291 8.070854 3.367049 hargrave 2016-05-16 12:13:54
TT 570 111.6 -61.6 087.1 -68.1 2.88E-03 001.6 099.1 -72.4 5.883089 5.595004 2.390859 hargrave 2016-05-16 18:14:19
TT 575 109.1 -62.1 083.8 -67.9 2.23E-03 001.6 095.4 -71.9 4.671921 4.422480 2.044132 hargrave 2016-05-17 14:34:04 
TT 580 110.8 -62.1 085.6 -68.3 1.87E-03 001.5 097.1 -72.5 3.725095 3.526333 1.426942 hargrave 2016-05-18 11:24:28
