GB4- 4a mag compass orientation (IGRF corrected)
   27.4  35.5  10.0  20.7   9.5   1.0
NRM    289.7  36.5 289.5  46.0 2.03E-03 002.6 341.6  46.0 6.491487 3.857137 5.668543 hargrave 2016-08-17 17:12:12 
NRM    289.3  36.6 289.1  46.1 2.03E-03 002.8 341.1  46.1 7.015177 4.426445 5.827934 hargrave 2016-08-17 20:00:18 
LN2    292.8  37.6 293.1  47.1 1.99E-03 002.9 345.1  47.3 7.050456 3.307871 6.334592 hargrave 2016-08-19 18:48:22 
TT 100 293.0  38.8 293.4  48.2 1.99E-03 002.1 345.3  48.5 4.674703 3.086133 4.908702 hargrave 2016-08-26 14:10:14 
TT 200 289.4  36.0 289.2  45.5 1.80E-03 002.7 341.3  45.6 5.745863 3.776265 4.810232 hargrave 2016-08-31 18:12:59 
TT 300 287.5  34.7 287.0  44.2 1.51E-03 003.6 339.2  44.1 6.291785 5.881079 4.308601 hargrave 2016-09-01 15:40:48 
TT 350 287.8  34.6 287.3  44.1 1.13E-03 002.8 339.6  44.1 3.829613 2.660982 3.190506 hargrave 2016-09-02 15:03:12 
TT 400 286.2  35.1 285.5  44.5 8.07E-04 001.4 337.8  44.4 1.228005 1.507671 0.754399 hargrave 2016-09-08 11:02:31 
TT 425 287.1  35.1 286.6  44.5 6.93E-04 001.4 338.8  44.5 1.110822 1.171648 0.673494 hargrave 2016-09-08 17:10:36 
TT 450 287.2  35.4 286.7  44.8 6.21E-04 001.5 338.8  44.8 0.935411 1.332880 0.634385 hargrave 2016-09-12 11:06:14 
TT 475 288.1  35.2 287.8  44.7 5.39E-04 002.4 340.0  44.7 0.885540 2.073073 0.702389 hargrave 2016-09-12 21:53:42 
TT 500 289.0  34.9 288.7  44.4 5.06E-04 001.4 340.9  44.5 0.854741 0.875666 0.474824 hargrave 2016-09-15 11:51:38 
TT 525 284.7  31.8 283.9  41.3 3.80E-04 003.2 336.4  41.1 1.244203 1.698593 0.462129 hargrave 2016-09-19 18:04:31 
TT 550 291.2  35.4 291.3  44.9 2.72E-04 002.5 343.5  45.1 0.599333 0.978176 0.343473 hargrave 2016-09-22 17:02:14 
TT 560 286.3  33.6 285.7  43.0 2.35E-04 001.6 338.0  42.9 0.419022 0.433351 0.325918 hargrave 2016-09-29 10:48:04 
TT 570 292.7  31.9 293.0  41.4 1.58E-04 002.2 345.4  41.6 0.380133 0.452439 0.267894 hargrave 2016-10-03 17:41:51 
TT 575 288.5  37.4 288.2  46.9 1.32E-04 002.7 340.2  46.9 0.199852 0.562758 0.213053 hargrave 2016-10-08 14:40:26 
TT 575 284.8  37.7 283.8  47.1 1.32E-04 001.9 335.8  46.9 0.256320 0.325449 0.198673 hargrave 2016-10-10 16:34:46 
TT 580 290.4  29.4 290.4  38.9 1.39E-04 001.4 343.0  39.1 0.216236 0.257752 0.182520 hargrave 2016-10-20 12:22:23 
TT 595 299.2  32.6 300.4  42.0 1.07E-04 002.1 352.8  42.5 0.247141 0.291088 0.168802 hargrave 2016-10-25 00:20:56 
TT 610 278.0  23.2 276.8  32.4 9.56E-05 001.5 330.0  31.9 0.166389 0.180563 0.107285 hargrave 2016-11-07 10:44:27 
TT 625 275.1  35.6 272.8  44.6 5.56E-05 002.7 325.1  44.0 0.164117 0.203170 0.060621 hargrave 2016-11-08 12:07:11 
TT 640 276.2  34.3 274.1  43.5 5.24E-05 002.2 326.5  42.9 0.120741 0.156779 0.070041 hargrave 2016-11-09 11:06:59 
TT 655 290.2  38.7 290.1  48.2 3.65E-05 002.0 342.0  48.3 0.087537 0.097727 0.033545 hargrave 2016-11-10 11:50:09 
TT 665 313.1  34.7 316.2  43.4 1.51E-05 002.0 008.8  44.6 0.030939 0.041721 0.016980 hargrave 2016-11-11 12:48:41 
TT 675 005.5  27.2 010.5  29.3 7.19E-06 001.5 065.0  31.8 0.008955 0.030491 0.011591 hargrave 2016-11-14 20:10:34 
TT 680 208.2  34.4 201.7  35.1 5.82E-06 005.2 256.2  32.5 0.034600 0.048166 0.009808 hargrave 2016-11-15 18:57:23 
