GB4- 8a mag compass orientation (IGRF corrected)
  27.85 148.5  36.0  20.7   9.5   1.0
NRM    297.0  50.6 298.7  60.0 1.79E-03 003.4 216.9  25.5 6.691544 7.099743 4.482803 hargrave 2016-08-17 17:20:50 
NRM    297.2  50.5 298.9  59.9 1.79E-03 003.3 217.0  25.5 6.533624 6.800311 4.464388 hargrave 2016-08-17 20:08:49 
LN2    297.3  50.6 299.1  60.0 1.75E-03 002.0 217.0  25.6 3.453909 2.890081 4.532267 hargrave 2016-08-19 18:57:00 
TT 100 300.4  48.1 302.7  57.5 1.69E-03 002.6 220.4  24.7 5.193921 3.920572 4.241089 hargrave 2016-08-26 14:18:45 
TT 200 294.3  42.2 295.0  51.7 1.34E-03 001.8 219.9  17.4 0.542557 1.652002 3.967444 hargrave 2016-08-31 18:21:45 
TT 300 292.5  40.2 292.8  49.7 9.99E-04 003.8 219.7  15.0 4.196537 4.296972 3.043202 hargrave 2016-09-01 15:50:31 
TT 350 292.7  39.8 293.1  49.3 7.49E-04 005.0 220.1  14.7 4.231655 4.507102 2.297454 hargrave 2016-09-02 15:12:04 
TT 400 292.7  41.9 293.1  51.4 5.59E-04 001.1 219.0  16.5 0.679232 0.786425 0.551123 hargrave 2016-09-08 11:09:57 
TT 425 289.0  43.9 288.6  53.4 4.92E-04 001.2 215.5  17.0 0.600233 0.765983 0.514716 hargrave 2016-09-08 17:17:22 
TT 450 292.4  43.1 292.8  52.6 4.27E-04 003.6 218.2  17.4 1.602724 2.148065 0.470739 hargrave 2016-09-12 11:15:10 
TT 475 291.3  44.3 291.4  53.8 3.47E-04 001.2 216.9  18.1 0.445346 0.557097 0.360759 hargrave 2016-09-12 22:02:37 
TT 500 294.6  43.0 295.3  52.4 3.06E-04 000.8 219.7  18.1 0.171608 0.282654 0.323646 hargrave 2016-09-15 11:59:02 
TT 525 287.7  41.3 287.1  50.8 2.14E-04 002.5 215.9  14.2 0.601671 0.710914 0.247561 hargrave 2016-09-19 18:12:53 
TT 550 293.5  47.3 294.2  56.8 1.63E-04 004.1 216.6  21.5 0.695394 0.923379 0.177462 hargrave 2016-09-22 17:10:37 
TT 560 278.3  30.5 276.8  39.7 1.25E-04 004.1 213.5  01.2 0.490344 0.741308 0.159624 hargrave 2016-09-29 10:57:09 
TT 570 285.0  57.4 282.8  66.9 9.04E-05 002.9 206.1  27.6 0.221349 0.387353 0.107169 hargrave 2016-10-03 17:49:45 
TT 575 291.6  34.4 291.7  43.9 6.57E-05 001.1 222.0  09.5 0.065047 0.091156 0.083064 hargrave 2016-10-08 14:47:13 
TT 575 287.6  36.1 287.1  45.6 6.64E-05 003.6 218.2  09.6 0.309755 0.278759 0.088086 hargrave 2016-10-10 16:41:06 
TT 580 282.6  45.4 280.9  54.8 5.37E-05 004.6 210.6  16.3 0.200305 0.376999 0.062758 hargrave 2016-10-20 12:31:17 
TT 595 300.7  35.6 302.2  45.0 4.30E-05 001.9 227.9  14.4 0.103815 0.084573 0.059755 hargrave 2016-10-25 00:29:53 
TT 610 293.6  33.4 293.9  42.9 4.05E-05 003.5 223.9  09.4 0.150803 0.195250 0.038184 hargrave 2016-11-07 10:53:02 
TT 625 277.2  42.3 274.6  51.5 2.73E-05 001.4 208.2  11.8 0.025638 0.054481 0.039072 hargrave 2016-11-08 12:15:57 
TT 640 283.7  39.8 282.5  49.2 2.30E-05 003.6 213.8  11.6 0.068092 0.127183 0.049512 hargrave 2016-11-09 11:15:48 
TT 655 259.3  39.9 254.2  47.8 1.50E-05 002.7 195.9  05.6 0.039262 0.064785 0.020597 hargrave 2016-11-10 11:57:03 
TT 665 280.0  40.9 278.0  50.2 8.19E-06 001.6 210.7  11.3 0.020417 0.016717 0.009501 hargrave 2016-11-11 12:56:33 
TT 675 267.7  61.9 257.6  70.3 2.70E-06 001.9 195.1  28.1 0.005674 0.007268 0.003331 hargrave 2016-11-14 20:18:30 
TT 680 288.5  31.2 288.2  40.7 6.28E-06 005.8 221.2  05.5 0.037330 0.053430 0.007663 hargrave 2016-11-15 19:05:17 
