GB4- 1a mag compass orientation (IGRF corrected)
  26.85 176.5   5.0  20.7   9.5   1.0
NRM    293.3  45.1 293.9  54.6 1.47E-03 002.1 204.8  40.6 3.528392 2.857039 3.310407 hargrave 2016-08-17 17:06:37 
NRM    291.0  44.5 291.0  53.9 1.47E-03 003.8 202.7  39.9 6.345525 5.864769 4.800908 hargrave 2016-08-17 19:55:29 
LN2    294.0  45.3 294.7  54.8 1.45E-03 001.9 205.4  40.9 2.738935 2.459032 3.315805 hargrave 2016-08-19 18:43:36 
TT 100 292.9  45.2 293.4  54.7 1.44E-03 001.6 204.4  40.7 2.616673 2.024137 2.980532 hargrave 2016-08-26 14:05:25 
TT 200 289.8  40.5 289.6  50.0 1.22E-03 001.8 201.8  35.8 1.777311 1.817822 3.159323 hargrave 2016-08-31 18:06:00 
TT 300 286.9  39.4 286.3  48.8 1.03E-03 002.5 199.1  34.7 2.499385 2.740028 2.809507 hargrave 2016-09-01 15:36:19 
TT 350 286.7  38.6 286.0  48.1 8.48E-04 002.4 198.9  33.9 1.894234 2.143242 2.266563 hargrave 2016-09-02 14:57:52 
TT 400 287.2  38.6 286.6  48.0 6.81E-04 001.7 199.4  33.9 1.113373 1.638530 0.745612 hargrave 2016-09-08 10:58:13 
TT 425 286.8  38.7 286.2  48.2 5.95E-04 001.5 199.1  34.0 0.909879 1.144353 0.682021 hargrave 2016-09-08 17:06:21 
TT 450 288.1  39.0 287.7  48.5 5.13E-04 001.2 200.3  34.3 0.761506 0.655452 0.619946 hargrave 2016-09-12 11:01:24 
TT 475 287.0  39.0 286.4  48.4 3.97E-04 001.6 199.3  34.3 0.548581 0.944604 0.399655 hargrave 2016-09-12 21:48:50 
TT 500 288.6  40.3 288.2  49.8 3.05E-04 001.4 200.6  35.6 0.315821 0.619200 0.364832 hargrave 2016-09-15 11:48:04 
TT 525 288.8  38.5 288.5  48.0 2.25E-04 001.1 200.9  33.8 0.305151 0.285942 0.241926 hargrave 2016-09-19 17:59:59 
TT 550 285.9  40.4 285.0  49.9 1.84E-04 002.8 198.1  35.7 0.336078 0.808453 0.196318 hargrave 2016-09-22 16:56:51 
TT 560 283.9  38.1 282.8  47.5 1.73E-04 001.1 196.4  33.3 0.268685 0.214280 0.176634 hargrave 2016-09-29 10:39:34 
TT 570 286.9  37.2 286.3  46.7 1.39E-04 001.7 199.2  32.5 0.186414 0.350158 0.159575 hargrave 2016-10-03 17:37:00 
TT 575 283.3  36.9 282.1  46.3 1.33E-04 002.7 195.8  32.1 0.183046 0.563961 0.199856 hargrave 2016-10-08 14:35:55 
TT 575 285.4  36.8 284.6  46.3 1.33E-04 001.4 197.8  32.1 0.142843 0.237968 0.207636 hargrave 2016-10-10 16:29:11 
TT 580 285.2  38.3 284.2  47.7 1.22E-04 001.2 197.5  33.5 0.111061 0.207586 0.136335 hargrave 2016-10-20 12:16:36 
TT 595 285.6  37.6 284.8  47.0 1.09E-04 002.8 198.0  32.8 0.280536 0.442584 0.149451 hargrave 2016-10-25 00:15:34 
TT 610 285.4  37.6 284.6  47.1 9.74E-05 002.1 197.8  32.9 0.123490 0.331466 0.095648 hargrave 2016-11-07 10:38:44 
TT 625 285.7  39.0 284.8  48.4 5.17E-05 001.6 198.0  34.2 0.079772 0.115716 0.058935 hargrave 2016-11-08 12:01:35 
TT 640 285.7  35.5 284.9  44.9 4.65E-05 001.6 198.1  30.7 0.078946 0.086578 0.072474 hargrave 2016-11-09 11:01:18 
TT 655 275.5  40.4 272.8  49.5 3.33E-05 001.5 188.4  35.4 0.043097 0.063446 0.043543 hargrave 2016-11-10 11:44:37 
TT 665 282.9  33.1 281.9  42.5 1.70E-05 003.5 195.6  28.3 0.045854 0.098599 0.027751 hargrave 2016-11-11 12:43:57 
TT 675 273.3  36.6 270.6  45.6 1.19E-05 002.5 186.4  31.6 0.021453 0.049903 0.011128 hargrave 2016-11-14 20:05:50 
TT 680 294.3  31.2 294.8  40.7 1.09E-05 002.2 206.5  26.8 0.023044 0.035283 0.012806 hargrave 2016-11-15 18:52:39 
