GB4- 5a mag compass orientation (IGRF corrected)
  27.45  25.5  13.0  20.7   9.5   1.0
NRM    298.9  53.0 301.4  62.3 2.35E-03 002.9 005.0  65.9 9.574648 5.721621 3.755413 hargrave 2016-08-17 17:13:44 
NRM    299.2  52.9 301.8  62.3 2.35E-03 002.9 005.5  65.9 9.544959 6.331447 3.754039 hargrave 2016-08-17 20:01:49 
LN2    299.1  52.7 301.5  62.1 2.33E-03 002.9 005.2  65.7 10.22106 4.739330 3.913176 hargrave 2016-08-19 18:49:53 
TT 100 299.6  52.5 302.2  61.9 2.28E-03 002.3 006.0  65.5 7.344421 4.127588 3.897598 hargrave 2016-08-26 14:11:45 
TT 200 295.4  44.0 296.4  53.5 1.77E-03 002.8 359.8  57.0 5.782348 5.102484 3.965216 hargrave 2016-08-31 18:14:34 
TT 300 291.7  41.6 291.9  51.1 1.30E-03 002.5 355.2  54.5 4.469723 2.098783 2.993976 hargrave 2016-09-01 15:42:24 
TT 350 292.3  42.2 292.7  51.7 9.04E-04 002.4 355.9  55.2 2.807363 1.505530 2.035311 hargrave 2016-09-02 15:04:48 
TT 400 290.1  43.6 290.0  53.1 6.77E-04 002.1 352.9  56.5 1.164756 2.204523 0.641064 hargrave 2016-09-08 11:03:49 
TT 425 291.1  43.4 291.2  52.9 6.19E-04 001.4 354.3  56.4 1.074946 1.046281 0.521231 hargrave 2016-09-08 17:11:53 
TT 450 292.1  43.7 292.4  53.2 5.56E-04 001.6 355.6  56.6 0.930474 1.233358 0.499775 hargrave 2016-09-12 11:07:46 
TT 475 290.6  44.1 290.6  53.6 4.64E-04 002.9 353.5  57.1 0.788960 2.204717 0.509647 hargrave 2016-09-12 21:55:15 
TT 500 292.6  43.5 293.0  53.0 4.38E-04 001.5 356.2  56.4 0.820872 0.870345 0.334650 hargrave 2016-09-15 11:52:56 
TT 525 293.9  39.8 294.4  49.3 2.95E-04 002.0 357.9  52.8 0.564369 0.846487 0.312216 hargrave 2016-09-19 18:06:06 
TT 550 294.3  41.2 295.0  50.6 2.08E-04 002.6 358.5  54.1 0.383702 0.839161 0.191267 hargrave 2016-09-22 17:03:54 
TT 560 292.2  41.3 292.5  50.8 1.77E-04 001.6 355.7  54.3 0.339585 0.349428 0.182977 hargrave 2016-09-29 10:49:40 
TT 570 297.1  30.6 297.9  40.0 1.07E-04 002.3 001.9  43.6 0.168996 0.392408 0.130589 hargrave 2016-10-03 17:43:23 
TT 575 299.1  37.9 300.4  47.3 9.10E-05 001.8 004.5  50.9 0.143723 0.220477 0.117791 hargrave 2016-10-08 14:42:00 
TT 575 297.5  38.1 298.7  47.5 9.09E-05 001.7 002.6  51.1 0.147008 0.200785 0.119041 hargrave 2016-10-10 16:36:17 
TT 580 296.4  35.6 297.3  45.0 8.21E-05 002.0 001.1  48.6 0.147984 0.249067 0.074458 hargrave 2016-10-20 12:23:58 
TT 595 299.9  39.1 301.5  48.4 6.40E-05 001.6 005.6  52.0 0.107355 0.145253 0.059927 hargrave 2016-10-25 00:22:32 
TT 610 279.6  32.6 278.1  41.9 5.95E-05 002.9 340.9  45.0 0.101566 0.282338 0.055873 hargrave 2016-11-07 10:46:02 
TT 625 294.8  44.2 295.7  53.7 3.42E-05 001.7 359.1  57.2 0.067235 0.074415 0.032593 hargrave 2016-11-08 12:08:43 
TT 640 284.9  41.6 283.7  51.0 3.32E-05 002.0 346.3  54.3 0.063039 0.095676 0.041876 hargrave 2016-11-09 11:08:33 
TT 655 302.6  41.2 304.8  50.4 2.36E-05 001.8 009.1  54.0 0.044637 0.060443 0.027209 hargrave 2016-11-10 11:51:48 
TT 665 309.5  37.8 312.5  46.7 1.61E-05 002.1 017.4  50.3 0.028510 0.049924 0.017393 hargrave 2016-11-11 12:50:13 
TT 675 000.2  29.7 005.7  32.6 4.63E-06 002.3 072.3  34.5 0.005547 0.031401 0.006938 hargrave 2016-11-14 20:12:05 
TT 680 189.8  56.5 176.8  53.6 3.29E-06 007.7 237.9  51.2 0.018599 0.041898 0.005586 hargrave 2016-11-15 18:58:54 
