GB4- 2a mag compass orientation (IGRF corrected)
   26.9 265.5  19.0  20.7   9.5   1.0
NRM    291.9  49.0 292.2  58.5 1.32E-03 002.1 131.6  38.3 3.719718 1.584206 2.739392 hargrave 2016-08-17 17:08:13 
NRM    291.7  49.0 292.0  58.5 1.32E-03 002.1 131.5  38.3 3.629997 1.626018 2.744003 hargrave 2016-08-17 19:57:06 
LN2    291.5  48.5 291.7  58.0 1.31E-03 001.7 131.0  37.8 2.300272 2.140126 2.573086 hargrave 2016-08-19 18:45:13 
TT 100 290.6  47.3 290.5  56.8 1.28E-03 002.6 129.7  37.0 4.975424 2.439603 2.288506 hargrave 2016-08-26 14:07:06 
TT 200 292.1  42.5 292.4  52.0 1.08E-03 004.9 128.9  32.1 7.549749 5.108958 1.836407 hargrave 2016-08-31 18:09:10 
TT 300 285.9  39.3 285.1  48.8 9.03E-04 001.4 122.5  30.7 1.627375 0.910951 1.411379 hargrave 2016-09-01 15:37:48 
TT 350 285.7  38.9 284.9  48.4 7.40E-04 001.5 122.2  30.4 1.441927 0.796774 1.130489 hargrave 2016-09-02 14:59:21 
TT 400 284.2  39.4 283.1  48.8 6.04E-04 001.2 121.1  31.3 0.908090 0.688528 0.667642 hargrave 2016-09-08 10:59:24 
TT 425 286.6  39.9 285.9  49.4 5.44E-04 001.2 123.3  31.1 0.731224 0.616072 0.587889 hargrave 2016-09-08 17:07:31 
TT 450 286.6  40.7 285.8  50.1 4.88E-04 001.1 123.6  31.8 0.479631 0.439612 0.668126 hargrave 2016-09-12 11:03:00 
TT 475 287.3  40.6 286.7  50.1 4.25E-04 004.3 124.2  31.6 2.687886 1.730181 0.523231 hargrave 2016-09-12 21:50:29 
TT 500 285.7  39.7 284.8  49.2 3.94E-04 001.1 122.4  31.2 0.450411 0.395372 0.483345 hargrave 2016-09-15 11:49:14 
TT 525 286.4  37.8 285.7  47.3 3.26E-04 001.0 122.3  29.2 0.379080 0.314643 0.359613 hargrave 2016-09-19 18:01:27 
TT 550 285.1  39.0 284.1  48.4 2.86E-04 003.2 121.6  30.7 1.324295 0.795782 0.355483 hargrave 2016-09-22 16:58:19 
TT 560 289.4  38.7 289.2  48.2 2.80E-04 003.4 125.1  29.2 1.301732 0.962359 0.410202 hargrave 2016-09-29 10:44:03 
TT 570 287.2  37.0 286.7  46.5 2.39E-04 001.7 122.7  28.3 0.499401 0.385850 0.311480 hargrave 2016-10-03 17:38:37 
TT 575 290.3  38.9 290.2  48.4 2.30E-04 003.7 126.0  29.2 1.171901 0.872907 0.353888 hargrave 2016-10-08 14:37:28 
TT 575 284.6  37.0 283.6  46.4 2.31E-04 002.1 120.4  28.9 0.637305 0.527281 0.302167 hargrave 2016-10-10 16:30:51 
TT 580 286.8  38.9 286.1  48.4 2.09E-04 001.3 123.1  30.1 0.284189 0.281707 0.241365 hargrave 2016-10-20 12:18:18 
TT 595 287.2  39.1 286.6  48.5 1.71E-04 001.2 123.5  30.2 0.256323 0.226979 0.170995 hargrave 2016-10-25 00:17:02 
TT 610 286.7  38.8 286.0  48.3 1.54E-04 001.2 122.9  30.1 0.247809 0.167935 0.172424 hargrave 2016-11-07 10:40:24 
TT 625 284.9  37.0 284.0  46.5 7.46E-05 001.3 120.7  28.9 0.117470 0.104417 0.068137 hargrave 2016-11-08 12:03:11 
TT 640 289.0  37.6 288.7  47.1 6.57E-05 001.2 124.4  28.3 0.088657 0.077863 0.078573 hargrave 2016-11-09 11:02:57 
TT 655 287.0  35.8 286.5  45.2 5.45E-05 001.5 122.0  27.1 0.104995 0.090076 0.056031 hargrave 2016-11-10 11:46:10 
TT 665 283.8  30.4 283.0  39.9 1.89E-05 002.7 117.2  23.0 0.072981 0.060835 0.019005 hargrave 2016-11-11 12:45:33 
TT 675 279.9  31.4 278.5  40.7 8.04E-06 004.1 114.1  25.0 0.048039 0.036042 0.007820 hargrave 2016-11-14 20:07:26 
TT 680 303.3  37.8 305.3  47.0 7.99E-06 002.4 136.4  24.9 0.017407 0.033604 0.005919 hargrave 2016-11-15 18:54:15 
