GB4- 7a mag compass orientation (IGRF corrected)
  27.55  44.5  20.0  20.7   9.5   1.0
NRM    308.3  46.5 312.2  55.5 2.74E-03 001.7 349.3  66.3 5.741595 5.402089 2.741008 hargrave 2016-08-17 17:19:12 
NRM    308.4  46.5 312.3  55.5 2.74E-03 001.7 349.4  66.3 5.783321 5.315897 2.769384 hargrave 2016-08-17 20:07:12 
LN2    308.4  46.3 312.4  55.3 2.71E-03 002.0 349.6  66.1 6.367488 6.639849 2.867182 hargrave 2016-08-19 18:55:22 
TT 100 308.2  45.3 311.9  54.2 2.66E-03 001.9 349.4  65.1 6.127941 5.672644 3.494347 hargrave 2016-08-26 14:17:08 
TT 200 304.6  37.0 306.8  46.2 2.05E-03 002.0 345.6  56.5 5.599590 3.148747 3.384690 hargrave 2016-08-31 18:20:12 
TT 300 302.2  34.5 303.8  43.8 1.56E-03 003.2 342.6  53.9 5.605686 6.087967 2.677973 hargrave 2016-09-01 15:48:57 
TT 350 302.0  34.2 303.6  43.5 1.15E-03 003.0 342.5  53.6 3.925377 4.097662 1.984437 hargrave 2016-09-02 15:10:30 
TT 400 302.2  35.4 304.0  44.6 8.94E-04 002.0 342.5  54.7 1.447470 2.643000 1.062400 hargrave 2016-09-08 11:08:40 
TT 425 299.5  35.8 300.8  45.2 8.11E-04 001.5 338.6  54.9 1.545636 1.487241 1.014532 hargrave 2016-09-08 17:16:06 
TT 450 301.3  36.3 302.9  45.6 7.13E-04 002.6 341.0  55.5 1.822792 2.341806 1.322780 hargrave 2016-09-12 11:13:32 
TT 475 301.6  36.7 303.3  46.0 5.67E-04 001.8 341.3  56.0 1.264694 1.040259 0.776716 hargrave 2016-09-12 22:00:57 
TT 500 302.9  36.5 304.8  45.8 5.07E-04 001.8 343.3  55.9 0.990531 1.181139 0.600516 hargrave 2016-09-15 11:57:47 
TT 525 299.3  34.8 300.6  44.2 3.45E-04 002.5 338.6  53.8 0.754040 1.289100 0.485249 hargrave 2016-09-19 18:11:15 
TT 550 301.4  42.1 303.4  51.4 2.69E-04 002.4 339.5  61.3 0.533893 0.967688 0.289794 hargrave 2016-09-22 17:09:03 
TT 560 297.8  35.6 298.8  45.0 1.95E-04 002.1 336.3  54.4 0.465959 0.465297 0.322260 hargrave 2016-09-29 10:55:30 
TT 570 314.3  35.7 317.7  44.3 1.54E-04 002.8 359.7  55.7 0.339006 0.640896 0.231616 hargrave 2016-10-03 17:48:07 
TT 575 307.1  30.9 309.1  40.0 1.19E-04 002.3 350.0  50.7 0.221548 0.398610 0.169691 hargrave 2016-10-08 14:45:34 
TT 575 306.6  31.0 308.6  40.1 1.19E-04 002.6 349.3  50.7 0.219222 0.474845 0.150683 hargrave 2016-10-10 16:39:30 
TT 580 306.2  29.6 308.1  38.7 1.16E-04 002.3 348.9  49.4 0.242326 0.367381 0.194577 hargrave 2016-10-20 12:29:36 
TT 595 301.2  26.2 302.3  35.6 9.85E-05 001.5 342.8  45.5 0.131378 0.211731 0.152751 hargrave 2016-10-25 00:28:20 
TT 610 293.2  28.2 293.5  37.7 7.64E-05 003.1 332.3  46.5 0.114934 0.375076 0.142720 hargrave 2016-11-07 10:51:25 
TT 625 288.7  27.1 288.5  36.6 4.78E-05 002.0 327.0  44.6 0.087463 0.125717 0.080613 hargrave 2016-11-08 12:14:20 
TT 640 291.6  34.5 291.7  44.0 3.72E-05 002.5 328.3  52.3 0.111618 0.096839 0.071114 hargrave 2016-11-09 11:14:08 
TT 655 312.3  27.9 314.7  36.7 2.18E-05 002.1 357.1  47.9 0.064183 0.051298 0.025746 hargrave 2016-11-10 11:55:26 
TT 665 308.8  26.4 310.7  35.4 1.90E-05 005.1 352.6  46.3 0.052296 0.157071 0.040335 hargrave 2016-11-11 12:54:55 
TT 675 346.6  38.4 353.7  43.3 6.26E-06 001.4 045.3  54.2 0.009054 0.011103 0.012711 hargrave 2016-11-14 20:16:53 
TT 680 251.3  42.4 244.6  49.4 4.78E-06 005.3 277.1  48.4 0.026004 0.038381 0.011989 hargrave 2016-11-15 19:03:35 
