GB4- 6a mag compass orientation (IGRF corrected)
  27.45 343.5  17.0  20.7   9.5   1.0
NRM    293.1  44.2 293.6  53.7 2.21E-03 001.9 054.6  55.9 5.708236 4.275682 1.831852 hargrave 2016-08-17 17:15:19 
NRM    293.1  44.2 293.5  53.6 2.21E-03 001.8 054.5  55.9 5.581908 4.164959 1.942658 hargrave 2016-08-17 20:03:24 
LN2    296.5  44.8 297.8  54.3 2.20E-03 001.8 059.1  55.7 5.203134 4.215769 1.806789 hargrave 2016-08-19 18:51:28 
TT 100 294.4  43.4 295.2  52.9 2.17E-03 001.7 055.7  54.9 4.314770 4.115004 2.464233 hargrave 2016-08-26 14:13:21 
TT 200 291.3  36.3 291.4  45.8 1.75E-03 001.4 048.6  48.8 3.181424 2.482063 1.478874 hargrave 2016-08-31 18:16:26 
TT 300 289.2  33.6 288.9  43.1 1.37E-03 001.7 045.0  46.6 2.959392 2.845302 1.145756 hargrave 2016-09-01 15:44:18 
TT 350 290.0  33.9 289.9  43.4 9.35E-04 001.4 046.1  46.8 1.779314 1.350229 0.861450 hargrave 2016-09-02 15:06:42 
TT 400 286.8  35.8 286.2  45.3 6.51E-04 001.6 043.0  49.3 1.151984 0.915057 1.113762 hargrave 2016-09-08 11:05:24 
TT 425 283.9  35.9 282.8  45.3 5.71E-04 001.7 039.5  49.9 0.824513 1.147553 0.991990 hargrave 2016-09-08 17:13:28 
TT 450 286.4  36.2 285.7  45.7 5.15E-04 003.4 042.7  49.7 2.523390 1.350906 1.154492 hargrave 2016-09-12 11:09:26 
TT 475 287.7  36.7 287.2  46.2 4.40E-04 001.4 044.4  50.0 0.625149 0.686122 0.587129 hargrave 2016-09-12 21:56:53 
TT 500 288.3  35.8 288.0  45.3 4.11E-04 001.9 044.9  49.0 0.774029 0.807268 0.852584 hargrave 2016-09-15 11:54:31 
TT 525 286.9  30.7 286.4  40.2 2.91E-04 002.0 041.4  44.3 0.677402 0.676790 0.384667 hargrave 2016-09-19 18:08:04 
TT 550 293.5  41.8 294.0  51.2 1.98E-04 001.5 053.7  53.5 0.304818 0.325109 0.263705 hargrave 2016-09-22 17:05:51 
TT 560 287.6  33.4 287.2  42.9 1.62E-04 002.8 043.1  46.8 0.630183 0.431591 0.271717 hargrave 2016-09-29 10:51:38 
TT 570 310.7  36.7 313.8  45.6 9.36E-05 002.8 070.4  44.3 0.401292 0.211500 0.133562 hargrave 2016-10-03 17:44:59 
TT 575 299.4  32.3 300.5  41.6 7.71E-05 001.6 056.1  43.1 0.141249 0.133031 0.114115 hargrave 2016-10-08 14:43:37 
TT 575 298.0  32.4 299.0  41.8 7.67E-05 001.9 054.7  43.5 0.181403 0.162000 0.103897 hargrave 2016-10-10 16:37:54 
TT 580 294.6  29.2 295.1  38.7 7.73E-05 002.5 049.8  41.2 0.255738 0.195839 0.118547 hargrave 2016-10-20 12:25:36 
TT 595 287.6  26.2 287.2  35.7 6.31E-05 001.7 040.8  39.8 0.092288 0.159764 0.103031 hargrave 2016-10-25 00:24:25 
TT 610 278.5  26.6 277.2  35.8 5.14E-05 002.1 030.4  41.7 0.074264 0.149694 0.097248 hargrave 2016-11-07 10:47:37 
TT 625 294.7  37.7 295.4  47.2 3.10E-05 001.3 053.2  49.4 0.049628 0.042727 0.043689 hargrave 2016-11-08 12:10:18 
TT 640 282.1  36.2 280.8  45.6 2.90E-05 001.3 037.4  50.5 0.053138 0.046003 0.062785 hargrave 2016-11-09 11:10:11 
TT 655 291.9  22.1 292.0  31.6 2.45E-05 002.2 044.6  34.9 0.063549 0.053318 0.055581 hargrave 2016-11-10 11:53:44 
TT 665 299.1  23.9 299.9  33.3 1.72E-05 001.7 052.9  35.1 0.039986 0.029812 0.029753 hargrave 2016-11-11 12:51:48 
TT 675 311.9  23.1 313.7  31.9 7.29E-06 001.1 066.1  31.1 0.014023 0.020644 0.010304 hargrave 2016-11-14 20:13:45 
TT 680 297.5  76.5 312.5  85.7 3.40E-06 005.7 127.1  78.2 0.014292 0.032423 0.006197 hargrave 2016-11-15 19:00:28 
