GB9- 4a sun compass orientation
 226.55  45.3  25.0  20.7   9.5   1.0
NRM    300.2  27.7 301.3  37.0 1.83E-03 003.7 338.3  51.5 9.250161 5.443223 5.393280 hargrave 2016-08-17 18:35:00 
NRM    299.3  27.8 300.3  37.2 1.83E-03 004.3 337.0  51.5 10.26025 7.684945 5.713415 hargrave 2016-08-17 21:25:17 
LN2    301.7  27.2 302.9  36.5 1.82E-03 003.2 340.5  51.3 8.475002 3.693116 5.089341 hargrave 2016-08-22 08:44:10 
TT 100 304.1  27.3 305.5  36.5 1.80E-03 005.7 343.8  51.6 9.602753 14.47175 5.118624 hargrave 2016-08-26 15:36:55 
TT 200 299.6  26.8 300.6  36.2 1.79E-03 003.2 337.7  50.5 6.005208 8.264727 2.441920 hargrave 2016-09-12 12:29:26 
TT 300 315.7 -25.0 314.3 -16.3 9.80E-04 056.8 000.4  00.0 3.277673 53.49573 141.3045 hargrave 2016-09-13 14:11:14 
TT 300 315.0 -25.0 313.5 -16.3 9.89E-04 056.5 359.7  00.0 3.441102 52.18681 141.3583 hargrave 2016-09-14 09:35:46 
TT 300 297.1  26.6 297.8  36.1 1.73E-03 001.5 334.4  49.9 3.620762 3.318034 2.148638 hargrave 2016-09-14 12:36:34 
TT 350 298.9  26.7 299.7  36.1 1.67E-03 001.7 336.7  50.3 3.421760 3.629655 2.462309 hargrave 2016-09-26 16:52:49 
TT 400 299.3  26.4 300.3  35.8 1.59E-03 003.4 337.4  50.1 6.508362 6.689829 3.348558 hargrave 2016-10-03 19:06:56 
TT 425 300.9  26.0 302.0  35.4 1.56E-03 003.4 339.7  50.0 6.062929 6.990913 3.070213 hargrave 2016-10-20 13:56:53 
TT 450 298.2  25.9 299.0  35.3 1.53E-03 002.2 336.1  49.4 3.625632 4.862449 1.573529 hargrave 2016-10-28 11:17:26 
TT 475 298.0  26.3 298.8  35.7 1.49E-03 001.4 335.7  49.8 2.426959 2.383806 2.064620 hargrave 2016-11-03 11:56:48 
TT 500 299.1  25.8 299.9  35.2 1.47E-03 001.9 337.2  49.5 3.921777 3.345545 1.883502 hargrave 2016-11-07 12:11:31 
TT 525 299.8  25.8 300.7  35.1 1.46E-03 002.3 338.2  49.5 3.108615 4.807863 1.771482 hargrave 2016-11-08 19:49:40 
TT 550 301.0  25.3 302.1  34.6 1.43E-03 001.8 340.1  49.3 2.587203 3.682076 1.724620 hargrave 2016-11-09 15:08:32 
TT 560 299.5  25.9 300.4  35.3 1.41E-03 001.5 337.8  49.6 2.643884 2.494513 2.222975 hargrave 2016-11-13 21:22:53 
TT 570 299.6  25.6 300.5  35.0 1.40E-03 003.5 338.0  49.4 5.577380 6.573977 2.620014 hargrave 2016-11-14 22:45:17 
TT 575 299.7  25.5 300.6  34.8 1.39E-03 001.6 338.1  49.2 2.222183 3.153283 1.788008 hargrave 2016-11-16 13:52:01 
TT 580 299.5  25.6 300.4  35.0 1.38E-03 002.1 337.9  49.3 2.556288 4.271629 1.533504 hargrave 2016-11-21 14:23:58 
TT 595 300.8  25.3 301.8  34.6 1.37E-03 001.7 339.7  49.2 2.630391 2.802027 2.353421 hargrave 2016-11-23 13:29:30 
TT 610 301.3  25.4 302.3  34.7 1.31E-03 001.9 340.3  49.4 2.357731 3.317246 1.924715 hargrave 2016-11-30 10:32:55 
TT 625 302.1  24.6 303.2  33.9 1.27E-03 001.4 341.7  48.7 2.090664 2.227550 1.286374 hargrave 2016-12-09 14:37:37 
TT 640 301.3  25.3 302.4  34.6 1.17E-03 003.2 340.4  49.3 4.209655 4.773175 2.155227 hargrave 2016-12-13 18:26:25 
TT 655 300.6  25.8 301.6  35.1 5.89E-04 003.6 339.4  49.7 2.113234 2.875542 1.061375 hargrave 2016-12-15 16:07:33 
TT 665 302.9  25.2 304.1  34.5 2.06E-04 003.3 342.6  49.4 0.597982 0.979126 0.414938 hargrave 2016-12-16 18:02:28 
TT 675 308.4  28.4 310.3  37.4 6.01E-05 002.2 349.8  53.1 0.133708 0.186676 0.078658 hargrave 2016-12-22 12:06:25 
TT 680 299.1  20.0 299.7  29.4 4.02E-05 003.9 338.7  43.8 0.149918 0.231925 0.031568 hargrave 2016-12-22 21:25:28 
