GB9- 7a sun compass orientation
 226.65  41.2  19.0  20.7   9.5   1.0
NRM    300.8  28.0 302.0  37.3 1.97E-03 003.1 346.6  46.6 7.429964 3.595706 6.618937 hargrave 2016-08-17 18:40:52 
NRM    301.5  28.0 302.7  37.3 1.97E-03 003.0 347.4  46.6 7.053102 3.342966 6.603675 hargrave 2016-08-18 11:19:25 
LN2    303.0  27.9 304.4  37.1 1.90E-03 006.2 349.4  46.6 10.78329 16.50813 6.753475 hargrave 2016-08-22 08:49:12 
TT 100 305.2  28.0 306.8  37.2 1.89E-03 003.3 352.2  46.9 5.773245 7.315122 5.469851 hargrave 2016-08-26 15:42:02 
TT 200 299.4  26.9 300.3  36.3 1.85E-03 003.7 344.9  45.4 5.264223 10.61671 2.180348 hargrave 2016-09-12 12:34:25 
TT 300 311.3 -18.9 310.4 -10.0 1.19E-03 048.8 000.1  00.1 2.983294 36.24751 131.7198 hargrave 2016-09-13 14:16:30 
TT 300 311.2 -18.9 310.3 -10.0 1.19E-03 048.8 360.0  00.1 3.193148 36.03323 131.7918 hargrave 2016-09-14 09:41:30 
TT 300 298.5  26.1 299.3  35.5 1.75E-03 001.5 343.9  44.5 3.369030 3.202914 1.954527 hargrave 2016-09-14 12:41:42 
TT 350 300.2  26.0 301.2  35.4 1.63E-03 001.6 346.1  44.6 2.721518 3.299080 2.348753 hargrave 2016-09-26 16:58:59 
TT 400 299.2  26.0 300.0  35.3 1.52E-03 003.1 344.8  44.4 4.183188 6.685012 2.605761 hargrave 2016-10-04 10:36:05 
TT 425 300.0  25.1 300.9  34.4 1.46E-03 003.2 345.9  43.6 4.218264 6.975450 1.643884 hargrave 2016-10-21 11:22:53 
TT 450 298.8  25.7 299.6  35.1 1.45E-03 002.7 344.4  44.1 2.517988 6.204298 1.482105 hargrave 2016-10-28 11:23:29 
TT 475 297.2  25.6 297.8  35.0 1.36E-03 001.7 342.3  43.9 2.263209 2.945656 1.763952 hargrave 2016-11-03 12:01:12 
TT 500 299.8  25.2 300.7  34.6 1.31E-03 004.5 345.7  43.8 3.691125 9.603601 1.461989 hargrave 2016-11-07 12:16:30 
TT 525 301.2  25.1 302.3  34.5 1.28E-03 001.5 347.5  43.8 1.738845 2.548714 1.389162 hargrave 2016-11-08 19:54:45 
TT 550 299.2  24.9 300.0  34.3 1.23E-03 001.6 344.9  43.4 1.898062 2.720454 1.061789 hargrave 2016-11-09 15:13:09 
TT 560 302.3  24.5 303.5  33.8 1.21E-03 001.4 348.9  43.3 2.069693 2.085894 1.082112 hargrave 2016-11-13 21:27:55 
TT 570 299.5  25.2 300.3  34.5 1.20E-03 003.2 345.3  43.7 3.202893 5.681081 1.772613 hargrave 2016-11-14 23:01:35 
TT 575 300.8  24.7 301.8  34.1 1.18E-03 001.5 346.9  43.4 1.958286 2.338699 0.954568 hargrave 2016-11-16 13:57:04 
TT 580 298.9  25.0 299.7  34.4 1.17E-03 001.4 344.5  43.5 1.862373 1.924944 1.201483 hargrave 2016-11-21 14:29:52 
TT 595 301.0  24.7 302.0  34.0 1.14E-03 003.4 347.2  43.3 2.022899 6.515143 1.409185 hargrave 2016-11-23 13:34:00 
TT 610 299.6  25.0 300.5  34.3 1.08E-03 001.6 345.4  43.5 1.668741 2.077441 1.326561 hargrave 2016-11-30 10:39:45 
TT 625 302.0  24.5 303.1  33.8 9.79E-04 001.8 348.5  43.2 1.557561 2.645264 0.937697 hargrave 2016-12-09 14:42:04 
TT 640 299.3  24.6 300.2  34.0 9.20E-04 003.3 345.2  43.1 2.719010 4.309265 1.472721 hargrave 2016-12-13 18:31:29 
TT 655 302.2  25.2 303.3  34.5 6.17E-04 002.3 348.7  43.9 1.042878 2.098027 0.972689 hargrave 2016-12-15 16:11:57 
TT 665 302.0  25.9 303.2  35.2 3.96E-04 001.9 348.4  44.6 0.804830 0.899312 0.556815 hargrave 2016-12-16 18:06:56 
TT 675 301.2  26.7 302.3  36.0 2.51E-04 004.4 347.3  45.4 0.594401 1.830409 0.348399 hargrave 2016-12-22 12:09:55 
TT 680 302.4  26.6 303.7  35.9 1.33E-04 002.9 348.8  45.3 0.339471 0.572287 0.156792 hargrave 2016-12-22 21:28:59 
