GB9- 6a sun compass orientation
  226.6  66.8  20.0  20.7   9.5   1.0
NRM    303.3  35.1 305.2  44.4 3.73E-04 003.8 314.6  50.7 2.132556 0.870762 0.880076 hargrave 2016-08-17 18:38:16 
NRM    302.9  35.2 304.7  44.4 3.73E-04 004.0 314.0  50.6 2.297960 1.029312 0.828269 hargrave 2016-08-18 11:17:41 
LN2    299.1  35.4 300.4  44.8 3.72E-04 002.5 309.3  50.0 0.941190 1.157267 0.839243 hargrave 2016-08-22 08:47:28 
TT 100 306.8  33.7 309.0  42.8 3.65E-04 005.4 319.5  50.1 2.660181 2.037940 0.950685 hargrave 2016-08-26 15:40:13 
TT 200 300.4  33.4 301.8  42.8 3.50E-04 002.3 311.8  48.4 1.206915 0.804444 0.363869 hargrave 2016-09-12 12:32:42 
TT 300 335.7 -20.0 333.7 -13.1 1.40E-04 063.2 359.0  00.0 0.571254 15.72407 23.50234 hargrave 2016-09-13 14:14:42 
TT 300 335.8 -20.3 333.8 -13.5 1.42E-04 063.0 359.1 -00.3 0.694713 15.74518 23.59194 hargrave 2016-09-14 09:39:19 
TT 300 301.5  31.9 302.9  41.2 3.02E-04 002.4 313.8  47.2 1.068996 0.721392 0.304098 hargrave 2016-09-14 12:39:59 
TT 350 301.0  31.9 302.4  41.2 2.54E-04 001.5 313.2  47.0 0.446805 0.475075 0.329029 hargrave 2016-09-26 16:56:17 
TT 400 301.8  31.2 303.3  40.5 2.01E-04 003.6 314.5  46.6 1.044977 0.676123 0.344657 hargrave 2016-10-04 10:34:22 
TT 425 302.1  30.0 303.5  39.2 1.72E-04 002.0 315.4  45.5 0.510445 0.322730 0.219996 hargrave 2016-10-21 11:19:30 
TT 450 301.0  30.3 302.2  39.6 1.57E-04 001.3 313.9  45.5 0.230342 0.256203 0.125127 hargrave 2016-10-28 11:21:25 
TT 475 300.4  29.7 301.6  39.1 1.34E-04 001.1 313.4  44.9 0.150918 0.175137 0.140615 hargrave 2016-11-03 11:59:44 
TT 500 300.8  29.4 302.0  38.7 1.23E-04 002.3 314.0  44.6 0.375007 0.306239 0.116934 hargrave 2016-11-07 12:14:47 
TT 525 301.5  29.1 302.8  38.4 1.15E-04 001.2 315.0  44.5 0.173900 0.163701 0.108601 hargrave 2016-11-08 19:52:58 
TT 550 301.1  28.4 302.3  37.7 1.06E-04 001.7 314.8  43.8 0.229649 0.221001 0.071662 hargrave 2016-11-09 15:11:34 
TT 560 301.8  28.6 303.1  37.9 1.03E-04 002.4 315.5  44.1 0.252162 0.351828 0.105145 hargrave 2016-11-13 21:26:12 
TT 570 302.4  28.3 303.7  37.6 9.96E-05 001.5 316.3  44.0 0.218694 0.110204 0.155268 hargrave 2016-11-14 22:59:53 
TT 575 303.4  28.3 304.8  37.6 9.77E-05 001.3 317.5  44.2 0.159894 0.147666 0.081636 hargrave 2016-11-16 13:55:21 
TT 580 301.2  28.6 302.4  37.9 9.65E-05 001.5 314.8  43.9 0.178737 0.176506 0.077288 hargrave 2016-11-21 14:27:17 
TT 595 302.2  28.0 303.4  37.3 9.14E-05 002.8 316.1  43.6 0.275521 0.352332 0.099296 hargrave 2016-11-23 13:32:28 
TT 610 302.8  28.6 304.1  37.8 8.57E-05 001.5 316.6  44.3 0.148191 0.157055 0.094120 hargrave 2016-11-30 10:37:34 
TT 625 304.7  27.0 306.2  36.2 7.84E-05 001.8 319.5  43.2 0.188824 0.170541 0.046815 hargrave 2016-12-09 14:40:35 
TT 640 304.7  27.1 306.2  36.3 6.92E-05 001.6 319.4  43.3 0.145293 0.100139 0.097925 hargrave 2016-12-13 18:29:45 
TT 655 303.1  26.5 304.4  35.8 3.11E-05 004.2 317.8  42.4 0.161395 0.155944 0.054740 hargrave 2016-12-15 16:10:29 
TT 665 300.7  27.3 301.8  36.6 1.20E-05 002.4 314.7  42.6 0.037593 0.037188 0.016757 hargrave 2016-12-16 18:05:28 
TT 675 290.3  21.7 290.3  31.2 5.88E-06 001.4 305.2  34.5 0.011075 0.017729 0.016747 hargrave 2016-12-22 12:08:45 
TT 680 326.8  23.5 329.8  31.0 3.37E-06 002.5 347.4  43.1 0.007433 0.007680 0.020186 hargrave 2016-12-22 21:27:50 
