GB16- 2a sun compass orientation
 244.35 162.7  13.0  20.7   9.5   1.0
NRM    297.0  37.6 298.0  47.1 2.68E-04 004.1 218.7  27.9 1.370473 1.067078 0.819706 hargrave 2016-09-01 10:42:12 
LN2    299.1  36.9 300.5  46.3 2.58E-04 001.6 220.8  27.4 0.515769 0.437636 0.320793 hargrave 2016-09-04 18:12:39 
TT 100 296.2  36.8 297.1  46.2 2.54E-04 002.9 218.2  26.9 0.633918 1.091356 0.402020 hargrave 2016-11-16 15:58:27 
TT 200 300.8  35.2 302.3  44.5 2.46E-04 001.6 222.6  26.0 0.519441 0.336127 0.401774 hargrave 2016-11-21 16:06:07 
TT 300 305.1  34.1 307.1  43.3 2.30E-04 002.7 226.7  25.7 0.783152 0.681955 0.276607 hargrave 2016-12-09 22:47:32 
TT 350 302.3  34.4 304.0  43.6 2.04E-04 005.8 224.1  25.4 1.361842 1.550982 0.345476 hargrave 2016-12-16 11:29:04 
TT 400 299.9  35.2 301.3  44.6 1.91E-04 002.4 221.8  25.9 0.600045 0.463500 0.311406 hargrave 2017-01-05 11:50:19 
TT 425 297.8  35.3 298.8  44.8 1.83E-04 003.2 219.9  25.7 0.768581 0.533975 0.477899 hargrave 2017-01-06 15:25:07 
TT 450 299.3  35.0 300.6  44.4 1.73E-04 003.3 221.3  25.7 0.743120 0.604113 0.347018 hargrave 2017-01-09 16:28:35 
TT 475 297.4  35.1 298.4  44.6 1.62E-04 003.1 219.6  25.5 0.615876 0.514345 0.384664 hargrave 2017-01-10 16:32:58 
TT 500 300.3  34.4 301.7  43.7 1.54E-04 002.5 222.4  25.1 0.408030 0.409871 0.376113 hargrave 2017-01-11 19:12:35 
TT 525 298.5  34.1 299.6  43.5 1.42E-04 002.6 220.7  24.6 0.399355 0.499592 0.150412 hargrave 2017-01-15 18:34:49 
TT 550 300.9  33.5 302.3  42.9 1.30E-04 002.9 223.0  24.4 0.442660 0.462198 0.124056 hargrave 2017-01-18 14:13:17 
TT 560 300.5  33.5 301.9  42.9 1.23E-04 000.9 222.7  24.3 0.130777 0.125851 0.113926 hargrave 2017-01-19 00:45:07 
TT 570 301.2  33.5 302.7  42.8 1.18E-04 001.3 223.3  24.4 0.175811 0.170665 0.110996 hargrave 2017-01-19 15:40:22 
TT 575 300.3  33.9 301.7  43.2 1.15E-04 003.6 222.4  24.7 0.487796 0.503871 0.155140 hargrave 2017-01-20 13:32:40 
TT 580 299.8  33.8 301.1  43.2 1.12E-04 001.2 222.0  24.5 0.130911 0.178301 0.113395 hargrave 2017-01-22 13:02:44 
TT 595 302.5  33.0 304.1  42.3 1.04E-04 004.2 224.6  24.2 0.540728 0.537636 0.097268 hargrave 2017-02-01 15:55:42 
TT 610 299.6  33.5 300.9  42.9 9.57E-05 001.3 221.9  24.2 0.143528 0.138051 0.090966 hargrave 2017-02-02 14:50:25 
TT 625 300.2  33.1 301.5  42.5 8.22E-05 001.5 222.5  23.9 0.131597 0.193381 0.062119 hargrave 2017-02-06 13:47:12 
TT 640 301.2  33.8 302.7  43.1 6.14E-05 002.9 223.3  24.7 0.199399 0.246092 0.052768 hargrave 2017-02-08 12:08:53 
TT 655 300.7  32.7 302.1  42.0 3.64E-05 005.8 223.0  23.5 0.239261 0.311073 0.033128 hargrave 2017-02-08 21:35:34 
TT 665 302.7  32.8 304.3  42.0 1.75E-05 003.4 224.8  23.9 0.079480 0.077166 0.015840 hargrave 2017-02-09 14:46:58 
TT 675 295.9  33.0 296.6  42.5 8.09E-06 005.6 218.6  23.2 0.051736 0.062750 0.007847 hargrave 2017-02-13 17:22:44 
TT 680 311.0  29.1 313.3  37.9 5.16E-06 012.8 233.2  21.7 0.093882 0.071147 0.005373 hargrave 2017-02-14 22:05:36 
