GB16- 7a mag compass orientation (IGRF corrected)
  244.5 206.5  28.0  20.7   9.5   1.0
NRM    291.8  34.1 291.9  43.6 3.89E-04 003.2 176.0  06.2 0.260482 0.773033 2.021411 hargrave 2016-09-01 10:49:55 
LN2    293.7  34.3 294.2  43.8 3.78E-04 001.8 177.7  06.4 0.278465 0.719823 0.972282 hargrave 2016-09-04 18:22:13 
TT 100 296.8  34.1 297.7  43.6 3.76E-04 002.5 180.2  06.1 0.327590 1.186216 1.169061 hargrave 2016-11-16 16:07:37 
TT 200 292.1  33.0 292.3  42.5 3.65E-04 003.4 176.3  05.1 0.243338 1.953451 0.897087 hargrave 2016-11-21 16:17:35 
TT 300 285.1  32.0 284.4  41.5 3.27E-04 003.6 170.3  04.5 0.393728 1.937829 0.672332 hargrave 2016-12-09 22:58:43 
TT 350 286.8  31.8 286.3  41.3 2.91E-04 003.0 171.7  04.1 0.246122 1.226435 0.929731 hargrave 2016-12-16 11:39:35 
TT 400 294.1  31.9 294.5  41.4 2.78E-04 003.2 177.9  03.9 0.110438 1.299317 0.845029 hargrave 2017-01-05 12:00:42 
TT 425 294.0  31.6 294.5  41.1 2.61E-04 004.7 177.9  03.6 0.162288 1.696297 1.281511 hargrave 2017-01-06 15:34:54 
TT 450 292.3  31.4 292.5  40.9 2.49E-04 004.9 176.4  03.4 0.143369 1.851207 1.057478 hargrave 2017-01-09 16:38:25 
TT 475 295.3  31.5 295.9  41.0 2.36E-04 002.7 179.0  03.5 0.066309 0.527992 0.995825 hargrave 2017-01-10 16:42:32 
TT 500 293.1  31.1 293.4  40.6 2.22E-04 003.9 177.1  03.1 0.079650 1.083587 1.033422 hargrave 2017-01-11 19:21:31 
TT 525 289.0  31.0 288.7  40.5 2.08E-04 007.7 173.5  03.2 0.419817 2.767562 0.354244 hargrave 2017-01-15 18:45:17 
TT 550 294.2  30.9 294.6  40.4 1.93E-04 004.7 178.0  03.0 0.159680 1.540820 0.337998 hargrave 2017-01-18 14:23:37 
TT 560 294.9  30.9 295.5  40.4 1.84E-04 003.4 178.7  02.9 0.136971 1.045661 0.300570 hargrave 2017-01-19 00:56:23 
TT 570 294.5  31.1 294.9  40.5 1.77E-04 005.1 178.2  03.1 0.133942 1.543525 0.335191 hargrave 2017-01-19 15:50:51 
TT 575 294.5  31.0 294.9  40.5 1.72E-04 005.3 178.2  03.0 0.136089 1.562045 0.377132 hargrave 2017-01-20 13:43:17 
TT 580 293.6  30.8 294.0  40.3 1.69E-04 003.7 177.5  02.9 0.162399 1.052474 0.278733 hargrave 2017-01-22 13:14:00 
TT 595 293.7  30.9 294.0  40.4 1.61E-04 002.5 177.6  03.0 0.076622 0.654658 0.278552 hargrave 2017-02-01 16:05:59 
TT 610 293.5  30.7 293.9  40.2 1.50E-04 001.3 177.5  02.8 0.073226 0.197706 0.270314 hargrave 2017-02-02 15:00:47 
TT 625 296.0  30.7 296.6  40.1 1.32E-04 001.6 179.5  02.7 0.085879 0.309023 0.217167 hargrave 2017-02-06 13:55:41 
TT 640 297.5  30.3 298.3  39.7 1.09E-04 003.2 180.8  02.3 0.083692 0.596628 0.155170 hargrave 2017-02-08 12:16:35 
TT 655 299.9  30.5 301.0  39.8 7.61E-05 001.4 182.9  02.5 0.061181 0.110846 0.147744 hargrave 2017-02-08 21:44:06 
TT 665 298.0  30.3 298.9  39.7 4.98E-05 003.4 181.3  02.3 0.055518 0.279900 0.100697 hargrave 2017-02-09 14:54:09 
TT 675 296.4  29.9 297.1  39.4 3.06E-05 001.4 179.9  01.9 0.033149 0.042893 0.063499 hargrave 2017-02-13 17:31:29 
TT 680 302.4  31.3 303.9  40.5 1.73E-05 005.0 185.0  03.4 0.035880 0.144868 0.045494 hargrave 2017-02-14 22:14:08 
