GB16- 8a sun compass orientation
  244.6 163.1  72.0  20.7   9.5   1.0
NRM    297.1  31.2 297.9  40.6 7.75E-04 001.6 221.0 -25.2 1.067992 1.461433 1.129194 hargrave 2016-09-01 10:51:24 
LN2    296.5  30.6 297.3  40.0 7.47E-04 003.9 221.2 -25.9 3.444056 3.529111 1.394573 hargrave 2016-09-04 18:23:40 
TT 100 295.8  31.1 296.4  40.5 7.47E-04 003.1 220.3 -26.0 2.716721 2.675440 1.420082 hargrave 2016-11-16 16:15:11 
TT 200 297.5  28.0 298.3  37.4 7.26E-04 003.0 223.9 -27.0 2.620926 2.643376 1.158785 hargrave 2016-11-21 16:19:22 
TT 300 293.3  31.0 293.6  40.5 6.40E-04 005.1 218.6 -27.7 3.179137 4.555878 1.497706 hargrave 2016-12-09 23:01:08 
TT 350 297.3  28.1 298.1  37.5 5.75E-04 001.7 223.7 -27.1 0.856465 0.925979 1.250738 hargrave 2016-12-16 11:41:09 
TT 400 296.1  29.5 296.8  39.0 5.48E-04 003.1 221.8 -26.9 2.013446 1.957111 0.867309 hargrave 2017-01-05 12:02:15 
TT 425 297.0  28.2 297.7  37.6 5.15E-04 001.3 223.5 -27.2 0.806888 0.577489 0.855546 hargrave 2017-01-06 15:36:34 
TT 450 296.8  28.9 297.5  38.4 4.94E-04 003.3 222.7 -26.9 1.790998 2.170152 0.654615 hargrave 2017-01-09 16:40:00 
TT 475 297.9  28.6 298.7  38.0 4.72E-04 001.4 223.7 -26.4 0.505539 0.812810 0.735466 hargrave 2017-01-10 16:44:07 
TT 500 297.2  28.4 297.9  37.9 4.47E-04 002.1 223.3 -27.0 0.804425 1.160118 0.838009 hargrave 2017-01-11 19:22:52 
TT 525 295.6  28.1 296.2  37.5 4.20E-04 003.8 222.6 -28.2 2.033506 1.674068 0.963081 hargrave 2017-01-15 18:46:51 
TT 550 296.0  28.4 296.6  37.9 3.90E-04 005.0 222.5 -27.7 2.440583 2.269438 0.805826 hargrave 2017-01-18 14:25:13 
TT 560 296.1  28.0 296.7  37.5 3.70E-04 003.6 223.0 -27.9 1.690243 1.323762 0.855172 hargrave 2017-01-19 00:57:57 
TT 570 296.0  28.6 296.6  38.1 3.50E-04 004.3 222.4 -27.7 1.888231 1.693555 0.749373 hargrave 2017-01-19 15:52:30 
TT 575 295.1  28.6 295.6  38.1 3.41E-04 001.7 221.8 -28.2 0.384851 0.588949 0.727112 hargrave 2017-01-20 13:44:58 
TT 580 298.3  25.7 299.1  35.1 3.36E-04 002.1 226.4 -28.0 0.866034 0.545197 0.732094 hargrave 2017-01-22 13:15:34 
TT 595 297.9  27.1 298.7  36.5 3.26E-04 002.6 224.9 -27.4 1.063568 0.676880 0.771005 hargrave 2017-02-01 16:07:34 
TT 610 295.9  29.2 296.5  38.6 3.08E-04 003.3 221.9 -27.3 1.277921 1.060013 0.689644 hargrave 2017-02-02 15:02:23 
TT 625 296.0  29.2 296.6  38.7 2.84E-04 002.3 221.9 -27.2 0.536528 0.853471 0.610628 hargrave 2017-02-06 13:56:58 
TT 640 295.9  29.5 296.6  39.0 2.48E-04 001.9 221.6 -27.0 0.472136 0.273729 0.626744 hargrave 2017-02-08 12:17:50 
TT 655 298.6  28.2 299.5  37.6 1.83E-04 003.3 224.4 -26.2 0.777767 0.644785 0.366836 hargrave 2017-02-08 21:45:22 
TT 665 297.1  30.9 297.9  40.3 1.28E-04 001.4 221.3 -25.4 0.140805 0.081199 0.264421 hargrave 2017-02-09 14:55:27 
TT 675 298.1  30.7 299.0  40.1 9.02E-05 001.9 222.1 -24.9 0.114407 0.192164 0.217210 hargrave 2017-02-13 17:33:02 
TT 680 299.7  32.0 300.9  41.3 5.22E-05 001.7 222.0 -23.0 0.075682 0.079652 0.113554 hargrave 2017-02-14 22:15:41 
