GB16- 1a mag compass orientation (IGRF corrected)
  244.3 225.5  13.0  20.7   9.5   1.0
NRM    287.7  36.3 287.3  45.7 3.25E-04 002.4 155.6  24.6 0.469067 0.575183 1.169348 hargrave 2016-09-01 10:38:19 
LN2    285.3  35.9 284.4  45.4 3.05E-04 001.4 153.4  24.5 0.411602 0.371658 0.572190 hargrave 2016-09-04 18:08:47 
TT 100 293.0  36.0 293.3  45.5 2.99E-04 003.3 160.2  23.9 0.786232 1.425196 0.570571 hargrave 2016-11-16 15:55:56 
TT 200 288.7  34.4 288.4  43.9 2.85E-04 001.6 156.2  22.7 0.414611 0.496694 0.451018 hargrave 2016-11-21 16:04:32 
TT 300 317.2  13.2 318.6  21.6 2.11E-04 038.5 181.7  00.2 0.425036 12.90080 10.73415 hargrave 2016-12-09 22:45:50 
TT 300 286.0  33.7 285.3  43.2 2.62E-04 002.3 153.7  22.2 0.553411 0.792508 0.422138 hargrave 2016-12-11 13:13:21 
TT 350 286.7  33.0 286.2  42.5 2.27E-04 002.4 154.3  21.4 0.448191 0.742468 0.431374 hargrave 2016-12-16 11:27:36 
TT 400 289.4  32.8 289.2  42.3 2.07E-04 001.4 156.7  20.9 0.183029 0.227118 0.443685 hargrave 2017-01-05 11:48:43 
TT 425 287.1  32.7 286.6  42.2 1.97E-04 001.9 154.6  21.1 0.214003 0.240538 0.568117 hargrave 2017-01-06 15:23:24 
TT 450 287.6  32.2 287.2  41.7 1.84E-04 001.6 155.0  20.5 0.166164 0.217490 0.449499 hargrave 2017-01-09 16:26:53 
TT 475 287.7  31.9 287.3  41.4 1.69E-04 001.7 155.0  20.3 0.163143 0.154900 0.456059 hargrave 2017-01-10 16:31:25 
TT 500 288.1  31.9 287.7  41.4 1.54E-04 002.4 155.4  20.2 0.274953 0.397280 0.438067 hargrave 2017-01-11 19:11:12 
TT 525 287.5  32.0 287.1  41.5 1.39E-04 001.3 154.9  20.4 0.175574 0.174769 0.216537 hargrave 2017-01-15 18:33:03 
TT 550 287.4  31.6 287.0  41.1 1.19E-04 001.2 154.7  20.0 0.141263 0.125785 0.182916 hargrave 2017-01-18 14:11:48 
TT 560 288.9  31.8 288.7  41.3 1.09E-04 001.9 156.1  20.0 0.156264 0.291235 0.163155 hargrave 2017-01-19 00:43:25 
TT 570 288.5  31.8 288.2  41.3 1.01E-04 001.6 155.7  20.1 0.120181 0.214848 0.159045 hargrave 2017-01-19 15:38:54 
TT 575 288.6  31.6 288.3  41.1 9.65E-05 002.4 155.8  19.9 0.160001 0.321592 0.184168 hargrave 2017-01-20 13:31:09 
TT 580 288.7  31.8 288.4  41.3 9.26E-05 001.8 155.9  20.1 0.084892 0.140595 0.266356 hargrave 2017-01-22 13:01:03 
TT 595 288.1  31.6 287.8  41.0 8.17E-05 002.3 155.4  19.9 0.131337 0.281262 0.130998 hargrave 2017-02-01 15:54:14 
TT 610 288.6  31.6 288.4  41.1 6.87E-05 002.0 155.8  19.9 0.076161 0.210306 0.112794 hargrave 2017-02-02 14:48:57 
TT 625 286.2  31.8 285.6  41.3 5.23E-05 004.8 153.7  20.3 0.092170 0.461621 0.079071 hargrave 2017-02-06 13:46:02 
TT 640 288.9  31.2 288.7  40.7 3.88E-05 002.1 156.0  19.4 0.072943 0.118272 0.059145 hargrave 2017-02-08 12:07:38 
TT 655 286.2  30.3 285.6  39.8 2.49E-05 003.8 153.5  18.8 0.067050 0.154723 0.042458 hargrave 2017-02-08 21:34:18 
TT 665 292.2  32.8 292.4  42.3 1.38E-05 004.9 159.2  20.7 0.051285 0.107871 0.019138 hargrave 2017-02-09 14:45:39 
TT 675 291.7  29.5 291.9  39.0 9.28E-06 007.1 158.4  17.5 0.039406 0.110200 0.014091 hargrave 2017-02-13 17:21:11 
TT 680 300.2  36.9 301.7  46.2 5.11E-06 005.5 166.6  24.3 0.011566 0.048987 0.007251 hargrave 2017-02-14 22:04:03 
