GB7- 2a mag compass orientation (IGRF corrected)
 178.05 186.5  29.0  20.7   9.5   1.0
NRM    299.5  19.9 300.2  29.3 2.11E-03 004.3 201.7 -07.0 4.424358 13.09501 7.407005 hargrave 2016-08-17 17:54:48 
NRM    299.7  19.9 300.4  29.3 2.11E-03 004.1 201.9 -07.0 4.330708 12.33721 7.311095 hargrave 2016-08-17 20:43:53 
LN2    296.1  20.3 296.5  29.8 2.05E-03 009.3 198.5 -07.2 9.545575 30.95856 8.325184 hargrave 2016-08-19 19:32:37 
LN2    300.4  19.7 301.1  29.1 2.07E-03 002.3 202.5 -07.0 1.169029 3.003311 7.802709 hargrave 2016-08-22 09:39:09 
TT 100 302.5  18.9 303.4  28.2 2.07E-03 002.4 204.7 -07.4 2.462526 5.733268 5.947500 hargrave 2016-08-26 14:56:35 
TT 200 301.3  17.7 302.0  27.1 2.00E-03 002.4 203.8 -08.8 1.186234 4.289297 7.000491 hargrave 2016-08-31 18:57:04 
TT 300 302.1  16.9 302.8  26.2 1.87E-03 003.2 204.7 -09.4 2.442081 7.422639 6.904204 hargrave 2016-09-01 16:26:54 
TT 350 301.9  16.8 302.7  26.1 1.83E-03 002.6 204.6 -09.6 1.532882 5.199198 6.442067 hargrave 2016-09-02 15:49:23 
TT 400 300.5  16.9 301.1  26.2 1.79E-03 000.9 203.2 -09.8 1.360493 1.723469 2.042009 hargrave 2016-09-08 11:41:34 
TT 425 298.1  17.2 298.7  26.7 1.80E-03 001.6 201.0 -09.9 2.601383 4.063956 1.896271 hargrave 2016-09-09 09:35:13 
TT 450 302.9  16.2 303.7  25.5 1.77E-03 004.3 205.7 -10.0 6.198811 11.77440 2.059461 hargrave 2016-09-12 11:49:55 
TT 475 301.8  16.9 302.6  26.2 1.60E-03 001.1 204.5 -09.5 1.743685 2.322195 1.729939 hargrave 2016-09-12 22:37:45 
TT 500 303.5  17.2 304.3  26.5 1.48E-03 001.6 206.0 -08.8 1.863600 3.320060 1.718527 hargrave 2016-09-15 12:27:19 
TT 525 298.4  19.3 299.0  28.7 1.25E-03 001.3 200.8 -07.8 1.248187 2.288056 1.550960 hargrave 2016-09-19 18:53:25 
TT 550 300.4  20.3 301.2  29.7 9.53E-04 003.1 202.5 -06.4 1.908825 4.661642 1.211015 hargrave 2016-09-22 17:51:17 
TT 560 301.5  20.1 302.3  29.5 9.49E-04 002.1 203.5 -06.4 1.706367 2.732909 1.263847 hargrave 2016-09-29 11:35:15 
TT 570 298.3  21.0 298.9  30.5 8.48E-04 004.1 200.4 -06.1 2.076167 5.600133 1.050781 hargrave 2016-10-03 18:25:46 
TT 575 295.4  21.9 295.8  31.4 7.73E-04 007.1 197.6 -05.7 2.937376 9.036504 1.169318 hargrave 2016-10-08 15:30:15 
TT 575 298.1  21.3 298.7  30.7 7.79E-04 004.3 200.2 -05.9 2.287582 5.314696 1.001633 hargrave 2016-10-10 17:18:14 
TT 580 299.3  21.7 300.1  31.0 7.28E-04 003.7 201.2 -05.3 1.549169 4.359671 0.837922 hargrave 2016-10-20 13:13:42 
TT 595 300.2  22.0 301.0  31.4 6.29E-04 002.7 201.9 -04.8 1.084794 2.719702 0.892455 hargrave 2016-10-25 01:10:33 
TT 610 298.4  22.9 299.1  32.3 5.58E-04 003.5 200.2 -04.2 1.196872 3.142119 0.626859 hargrave 2016-11-07 11:30:41 
TT 625 296.7  25.8 297.4  35.2 3.73E-04 003.1 198.2 -01.7 0.638317 1.922656 0.414913 hargrave 2016-11-08 12:51:08 
TT 640 294.8  30.1 295.3  39.6 2.30E-04 002.2 195.8  02.3 0.293334 0.807781 0.288784 hargrave 2016-11-09 11:53:24 
TT 655 291.4  33.5 291.5  43.0 1.70E-04 003.2 192.4  05.2 0.221844 0.918301 0.179687 hargrave 2016-11-10 12:36:12 
TT 665 289.9  38.1 289.8  47.6 6.50E-05 002.2 190.7  09.7 0.063992 0.229414 0.075218 hargrave 2016-11-11 13:33:22 
TT 675 290.5  43.4 290.5  52.9 3.67E-05 001.7 190.5  15.0 0.057799 0.088292 0.048267 hargrave 2016-11-14 20:54:34 
TT 680 282.1  42.5 280.4  51.9 3.94E-05 001.5 184.2  13.6 0.048753 0.082261 0.059862 hargrave 2016-11-15 19:44:11 
