GB7- 1a mag compass orientation (IGRF corrected)
 177.95 276.5  62.0  20.7   9.5   1.0
NRM    298.7  20.3 299.3  29.7 1.52E-03 004.2 118.6 -08.6 8.299861 3.808373 6.459350 hargrave 2016-08-17 17:51:49 
NRM    298.5  20.1 299.1  29.5 1.52E-03 004.5 118.3 -08.6 9.043953 4.178922 6.438651 hargrave 2016-08-17 20:40:55 
LN2    297.9  19.3 298.5  28.7 1.51E-03 005.3 117.3 -08.6 11.27107 5.054126 6.448646 hargrave 2016-08-19 19:29:40 
TT 100 301.8  23.9 302.9  33.3 1.51E-03 003.0 123.3 -08.9 4.024222 2.087939 6.508476 hargrave 2016-08-26 14:53:32 
TT 200 301.4  23.0 302.3  32.3 1.50E-03 002.8 122.2 -09.1 2.781838 0.937788 6.654951 hargrave 2016-08-31 18:54:07 
TT 300 300.7  21.9 301.6  31.2 1.46E-03 003.6 121.0 -09.3 5.983176 2.560606 6.624654 hargrave 2016-09-01 16:23:56 
TT 350 299.8  20.4 300.5  29.7 1.42E-03 003.2 119.2 -09.4 4.584712 1.609247 6.366195 hargrave 2016-09-02 15:46:24 
TT 400 300.6  22.0 301.5  31.4 1.38E-03 001.6 121.0 -09.1 1.536904 0.774610 3.565429 hargrave 2016-09-08 11:38:59 
TT 425 298.9  19.7 299.6  29.1 1.37E-03 001.8 118.2 -09.2 1.614799 0.968774 3.815477 hargrave 2016-09-09 09:32:39 
TT 450 301.5  22.7 302.5  32.0 1.34E-03 003.8 122.1 -09.4 7.161032 4.471455 3.201041 hargrave 2016-09-12 11:46:45 
TT 475 300.2  22.2 301.0  31.5 1.22E-03 002.6 120.9 -08.7 3.479684 2.704315 3.611194 hargrave 2016-09-12 22:34:37 
TT 500 301.9  25.0 303.0  34.3 1.15E-03 001.4 124.1 -08.3 0.900585 0.723830 2.595991 hargrave 2016-09-15 12:24:45 
TT 525 299.7  23.2 300.5  32.6 1.04E-03 004.0 121.5 -07.7 5.806995 3.115367 3.096426 hargrave 2016-09-19 18:49:31 
TT 550 300.6  25.7 301.6  35.1 9.10E-04 003.8 124.1 -07.0 4.688129 2.799137 2.562134 hargrave 2016-09-22 17:47:12 
TT 560 298.6  23.4 299.4  32.8 9.06E-04 002.2 121.1 -06.8 1.905909 1.091455 2.686238 hargrave 2016-09-29 11:32:12 
TT 570 299.6  25.5 300.5  34.9 8.52E-04 002.6 123.3 -06.4 2.656457 1.498562 2.516694 hargrave 2016-10-03 18:21:48 
TT 575 301.9  28.9 303.2  38.2 7.88E-04 002.7 127.3 -06.0 2.514611 1.894837 1.936000 hargrave 2016-10-08 15:26:55 
TT 575 299.7  25.5 300.6  34.9 7.85E-04 006.6 123.4 -06.4 7.333068 4.781161 2.404030 hargrave 2016-10-10 17:16:42 
TT 580 298.9  25.6 299.7  35.0 7.26E-04 004.5 123.1 -05.8 4.632514 2.709382 2.070077 hargrave 2016-10-20 13:09:44 
TT 595 298.9  26.2 299.7  35.6 6.37E-04 002.2 123.5 -05.4 1.205156 0.611034 2.045611 hargrave 2016-10-25 01:06:38 
TT 610 298.9  27.2 299.8  36.6 5.93E-04 002.4 124.4 -04.8 1.622948 1.020792 1.590513 hargrave 2016-11-07 11:26:46 
TT 625 297.4  28.5 298.1  37.9 4.12E-04 004.0 124.7 -03.0 2.191851 1.399515 1.275877 hargrave 2016-11-08 12:47:13 
TT 640 294.0  29.4 294.4  38.9 2.78E-04 002.8 123.8 -00.1 0.814043 0.525898 0.946760 hargrave 2016-11-09 11:49:26 
TT 655 292.8  31.0 293.0  40.5 2.21E-04 002.4 124.6  01.7 0.440201 0.386921 0.723221 hargrave 2016-11-10 12:34:31 
TT 665 296.8  38.8 297.9  48.2 1.13E-04 002.2 132.9  03.1 0.220705 0.236316 0.303828 hargrave 2016-11-11 13:29:27 
TT 675 293.6  41.5 294.2  50.9 3.57E-05 003.6 133.9  06.7 0.116778 0.124926 0.151363 hargrave 2016-11-14 20:50:35 
TT 680 291.0  39.8 291.0  49.3 3.79E-05 004.1 131.4  07.5 0.181252 0.130217 0.163683 hargrave 2016-11-15 19:40:13 
