GB7- 10a sun compass orientation
  181.4  28.2  13.0  20.7   9.5   1.0
NRM    305.1  30.7 306.9  39.9 1.02E-03 002.6 008.2  43.6 3.422809 2.397037 2.269934 hargrave 2016-08-17 18:07:47 
NRM    304.2  30.7 305.9  39.9 1.02E-03 002.4 007.1  43.7 3.197774 1.624069 2.474711 hargrave 2016-08-17 20:58:37 
LN2    304.1  30.6 305.8  39.8 9.93E-04 002.6 007.1  43.5 2.906262 1.947734 2.853328 hargrave 2016-08-19 19:47:14 
TT 100 307.1  30.7 309.1  39.8 9.91E-04 002.8 010.5  43.5 2.760199 2.904089 2.816609 hargrave 2016-08-26 15:09:31 
TT 200 305.4  30.3 307.2  39.5 9.87E-04 001.9 008.6  43.2 1.542483 2.228648 2.028202 hargrave 2016-08-31 19:12:43 
TT 300 306.2  30.2 308.0  39.3 9.53E-04 001.9 009.4  43.1 1.939281 1.264466 2.198813 hargrave 2016-09-01 16:40:05 
TT 350 307.3  30.3 309.3  39.4 9.23E-04 001.9 010.8  43.1 1.788498 1.277691 2.164282 hargrave 2016-09-02 16:03:26 
TT 400 308.7  30.2 310.9  39.2 8.91E-04 002.6 012.4  42.9 2.284935 2.963328 1.512980 hargrave 2016-09-08 11:55:13 
TT 425 312.3  30.8 314.9  39.6 8.85E-04 002.2 016.7  43.3 2.500794 1.552562 1.851889 hargrave 2016-09-09 09:46:02 
TT 450 307.7  29.9 309.7  38.9 8.67E-04 002.2 011.2  42.7 1.740231 2.686488 1.160258 hargrave 2016-09-12 12:02:51 
TT 475 303.8  30.3 305.4  39.5 8.62E-04 006.4 006.7  43.2 1.386238 9.480455 1.108201 hargrave 2016-09-12 22:50:21 
TT 500 307.8  29.9 309.8  38.9 8.57E-04 001.5 011.4  42.7 1.684302 1.101387 1.257313 hargrave 2016-09-15 12:37:59 
TT 525 305.7  30.2 307.5  39.3 8.39E-04 001.6 008.8  43.1 1.279458 1.846550 1.057612 hargrave 2016-09-19 19:08:42 
TT 550 304.7  30.4 306.4  39.5 7.79E-04 003.2 007.7  43.3 1.778569 3.786572 1.100542 hargrave 2016-09-22 18:05:44 
TT 560 300.5  30.4 301.7  39.7 7.42E-04 002.0 002.7  43.4 1.492668 1.918057 1.082189 hargrave 2016-09-29 11:49:55 
TT 570 307.0  30.7 309.0  39.8 7.38E-04 001.9 010.5  43.5 1.201250 2.091971 0.897168 hargrave 2016-10-03 18:38:41 
TT 575 307.1  30.5 309.1  39.5 7.23E-04 001.6 010.5  43.3 1.320953 1.346004 0.852163 hargrave 2016-10-08 15:54:24 
TT 575 300.2  30.5 301.3  39.9 7.20E-04 006.4 002.3  43.5 1.493735 7.905657 0.882864 hargrave 2016-10-10 17:32:10 
TT 580 306.5  30.7 308.4  39.8 7.16E-04 001.6 009.8  43.5 1.213233 1.427878 0.900459 hargrave 2016-10-20 13:28:48 
TT 595 307.2  30.9 309.3  40.0 6.93E-04 003.2 010.7  43.7 1.147722 3.706339 0.781429 hargrave 2016-10-25 01:24:26 
TT 610 302.4  31.0 303.8  40.3 6.66E-04 004.1 004.9  44.0 1.555021 4.398016 0.923927 hargrave 2016-11-07 11:43:36 
TT 625 304.7  30.8 306.4  40.0 6.08E-04 001.7 007.7  43.7 0.933571 1.581112 0.600906 hargrave 2016-11-08 13:04:07 
TT 640 301.3  31.1 302.6  40.4 5.50E-04 003.8 003.6  44.0 0.764288 3.589418 0.557727 hargrave 2016-11-09 12:06:48 
TT 655 299.8  31.0 300.9  40.4 4.05E-04 002.0 001.9  44.0 0.660509 1.191417 0.501754 hargrave 2016-11-10 12:52:17 
TT 665 308.1  31.7 310.3  40.7 2.82E-04 004.8 011.9  44.5 0.491847 2.297000 0.308096 hargrave 2016-11-11 13:46:25 
TT 675 310.3  30.9 312.7  39.8 1.62E-04 005.4 014.4  43.5 0.358527 1.472687 0.164677 hargrave 2016-11-14 21:06:37 
TT 680 325.5  33.7 329.8  41.3 1.59E-04 005.4 032.6  45.0 0.707242 1.327975 0.199096 hargrave 2016-11-15 19:56:14 
