GB7- 3a sun compass orientation
 178.55 210.3  32.0  20.7   9.5   1.0
NRM    294.2  31.0 294.6  40.5 3.08E-03 002.8 174.7 -00.9 1.514583 7.213499 13.22351 hargrave 2016-08-17 17:56:21 
NRM    293.6  31.0 293.9  40.4 3.08E-03 003.1 174.2 -00.9 1.739200 9.955774 13.17816 hargrave 2016-08-17 20:45:27 
LN2    293.6  31.0 294.0  40.4 3.05E-03 003.8 174.2 -00.9 2.525980 14.95737 13.84558 hargrave 2016-08-19 19:35:02 
TT 100 296.2  30.6 296.9  40.0 3.06E-03 002.1 176.4 -01.4 1.303529 3.215016 10.84528 hargrave 2016-08-26 14:58:08 
TT 200 295.9  30.5 296.6  40.0 3.01E-03 002.5 176.2 -01.4 0.981369 3.614722 12.91129 hargrave 2016-08-31 18:58:38 
TT 300 293.2  30.4 293.5  39.9 2.88E-03 003.6 173.9 -01.4 1.946405 12.61627 12.65740 hargrave 2016-09-01 16:28:28 
TT 350 293.8  30.6 294.1  40.1 2.75E-03 002.8 174.4 -01.2 1.252619 6.859848 11.46336 hargrave 2016-09-02 15:50:57 
TT 400 294.7  30.7 295.2  40.2 2.63E-03 000.7 175.2 -01.2 1.845671 2.015334 2.529140 hargrave 2016-09-08 11:42:52 
TT 425 292.7  30.6 292.9  40.1 2.59E-03 001.2 173.5 -01.2 1.936644 4.550216 2.460236 hargrave 2016-09-09 09:36:30 
TT 450 295.6  30.7 296.2  40.1 2.54E-03 001.5 176.0 -01.2 1.498171 5.985399 2.519702 hargrave 2016-09-12 11:51:28 
TT 475 295.1  30.7 295.6  40.2 2.52E-03 001.3 175.5 -01.2 2.427625 4.790752 2.896727 hargrave 2016-09-12 22:39:21 
TT 500 297.2  30.9 298.0  40.3 2.48E-03 000.9 177.3 -01.1 1.551038 3.280621 2.402406 hargrave 2016-09-15 12:28:36 
TT 525 293.4  30.6 293.7  40.1 2.43E-03 002.5 174.0 -01.2 2.863968 10.06219 3.436750 hargrave 2016-09-19 18:54:58 
TT 550 293.6  30.8 293.9  40.3 2.32E-03 005.3 174.2 -01.0 2.782784 21.05545 2.807679 hargrave 2016-09-22 17:52:51 
TT 560 291.7  30.7 291.8  40.2 2.30E-03 000.9 172.6 -01.0 1.455503 2.520604 2.860940 hargrave 2016-09-29 11:36:53 
TT 570 294.3  30.9 294.8  40.3 2.23E-03 002.2 174.9 -01.0 2.353309 8.192527 2.777153 hargrave 2016-10-03 18:27:20 
TT 575 295.5  30.8 296.1  40.3 2.15E-03 001.0 175.9 -01.1 1.161452 2.694131 2.677733 hargrave 2016-10-08 15:31:51 
TT 575 292.9  30.6 293.2  40.1 2.15E-03 002.6 173.6 -01.2 1.632431 9.278740 2.444688 hargrave 2016-10-10 17:19:45 
TT 580 292.8  31.1 293.1  40.6 2.08E-03 004.7 173.6 -00.6 3.300936 16.81568 2.421950 hargrave 2016-10-20 13:15:19 
TT 595 298.8  31.4 299.8  40.8 1.95E-03 001.0 178.7 -00.6 1.957587 2.204625 2.575288 hargrave 2016-10-25 01:12:06 
TT 610 294.8  31.6 295.3  41.1 1.74E-03 001.4 175.3 -00.3 0.859507 3.697523 1.792803 hargrave 2016-11-07 11:32:14 
TT 625 293.8  32.4 294.2  41.8 1.38E-03 000.8 174.5  00.5 0.992542 1.190305 1.530613 hargrave 2016-11-08 12:52:42 
TT 640 297.3  32.7 298.2  42.1 1.27E-03 001.9 177.5  00.7 1.101481 3.918943 1.650394 hargrave 2016-11-09 11:55:00 
TT 655 293.2  33.0 293.6  42.5 1.11E-03 003.3 174.1  01.2 0.698756 6.372915 1.162981 hargrave 2016-11-10 12:37:48 
TT 665 298.2  33.6 299.3  43.0 6.28E-04 000.9 178.3  01.6 0.428767 0.663792 0.714288 hargrave 2016-11-11 13:34:55 
TT 675 297.9  34.1 298.9  43.5 3.49E-04 000.9 178.0  02.1 0.186603 0.392944 0.355518 hargrave 2016-11-14 20:56:08 
TT 680 295.7  33.7 296.4  43.2 2.25E-04 001.4 176.2  01.8 0.155317 0.490651 0.250386 hargrave 2016-11-15 19:45:45 
