GB7- 8a sun compass orientation
 180.87 355.1  11.0  20.7   9.5   1.0
NRM    294.5  30.5 295.0  40.0 1.32E-03 003.1 033.5  39.9 5.315038 3.567693 3.279683 hargrave 2016-08-17 18:03:46 
NRM    295.2  30.6 295.8  40.1 1.32E-03 003.6 034.3  39.9 6.053461 4.576391 3.261054 hargrave 2016-08-17 20:55:26 
LN2    298.8  31.2 299.9  40.6 1.27E-03 009.5 038.4  40.1 14.96454 14.78483 3.056512 hargrave 2016-08-19 19:44:04 
LN2    296.0  30.5 296.7  39.9 1.28E-03 002.5 035.1  39.7 3.970151 1.979435 3.666671 hargrave 2016-08-22 09:41:44 
TT 100 295.6  30.5 296.2  40.0 1.28E-03 002.5 034.7  39.8 3.847806 2.479937 3.279043 hargrave 2016-08-26 15:06:20 
TT 200 298.0  30.2 298.9  39.6 1.25E-03 003.3 037.4  39.2 5.420996 3.816368 3.059023 hargrave 2016-08-31 19:08:39 
TT 300 295.7  29.5 296.3  39.0 1.20E-03 001.9 034.6  38.8 2.267743 1.509502 2.942886 hargrave 2016-09-01 16:36:50 
TT 350 296.0  29.6 296.7  39.1 1.15E-03 002.0 035.0  38.9 1.992425 1.976966 2.990346 hargrave 2016-09-02 16:00:11 
TT 400 296.3  29.6 296.9  39.1 1.10E-03 002.8 035.3  38.8 3.363949 4.023960 1.203091 hargrave 2016-09-08 11:52:35 
TT 425 292.0  29.2 292.2  38.7 1.08E-03 001.3 030.5  38.9 1.634080 1.514162 1.189985 hargrave 2016-09-09 09:43:22 
TT 450 294.8  29.3 295.3  38.8 1.06E-03 002.3 033.6  38.7 2.265104 3.477335 0.929494 hargrave 2016-09-12 11:59:40 
TT 475 296.4  29.7 297.0  39.1 1.04E-03 001.6 035.4  38.9 2.273048 1.709524 1.241273 hargrave 2016-09-12 22:47:01 
TT 500 296.7  29.7 297.5  39.2 1.02E-03 001.2 035.8  38.9 1.419385 1.170970 1.135914 hargrave 2016-09-15 12:35:22 
TT 525 295.0  29.8 295.5  39.3 9.93E-04 002.9 033.9  39.1 2.698661 4.126388 1.066314 hargrave 2016-09-19 19:05:20 
TT 550 294.8  30.0 295.3  39.4 9.37E-04 003.6 033.7  39.3 3.515923 4.639594 1.118402 hargrave 2016-09-22 18:02:21 
TT 560 294.2  29.8 294.6  39.3 9.08E-04 002.6 033.0  39.3 2.344407 3.325893 1.022335 hargrave 2016-09-29 11:46:33 
TT 570 295.1  30.0 295.6  39.5 8.97E-04 003.1 034.0  39.4 2.250293 4.238090 0.947061 hargrave 2016-10-03 18:35:32 
TT 575 296.2  30.5 296.9  40.0 8.59E-04 001.9 035.3  39.7 1.895116 1.883507 1.157739 hargrave 2016-10-08 15:49:57 
TT 575 292.9  30.1 293.2  39.6 8.58E-04 002.3 031.7  39.7 1.772368 2.828001 0.913278 hargrave 2016-10-10 17:29:11 
TT 580 293.6  29.9 294.0  39.4 8.41E-04 003.4 032.4  39.4 2.308192 4.437182 0.712036 hargrave 2016-10-20 13:25:31 
TT 595 296.6  30.7 297.3  40.2 8.05E-04 001.3 035.8  39.9 1.305025 1.147679 0.841762 hargrave 2016-10-25 01:21:13 
TT 610 296.0  30.4 296.7  39.9 7.63E-04 001.3 035.1  39.6 1.232043 1.148328 0.525599 hargrave 2016-11-07 11:40:26 
TT 625 295.7  30.7 296.3  40.2 6.92E-04 001.2 034.8  40.0 1.129049 1.010494 0.572840 hargrave 2016-11-08 13:00:56 
TT 640 291.9  30.4 292.1  39.9 6.60E-04 001.4 030.6  40.1 1.034695 1.354828 0.615544 hargrave 2016-11-09 12:03:31 
TT 655 293.8  30.8 294.2  40.3 5.66E-04 001.7 032.8  40.2 1.121230 1.251582 0.414556 hargrave 2016-11-10 12:48:58 
TT 665 297.5  31.5 298.4  40.9 4.39E-04 001.3 037.0  40.5 0.796693 0.678894 0.312359 hargrave 2016-11-11 13:43:10 
TT 675 298.0  32.4 299.0  41.8 3.03E-04 001.6 037.7  41.4 0.674896 0.533962 0.237252 hargrave 2016-11-14 21:03:27 
TT 680 296.4  32.2 297.2  41.6 3.04E-04 001.3 035.9  41.3 0.526212 0.488881 0.310546 hargrave 2016-11-15 19:53:04 
