GB7- 5a sun compass orientation
    179 267.8  31.0  20.7   9.5   1.0
NRM    295.8  36.5 296.6  45.9 6.32E-03 002.3 131.6  18.4 18.80520 12.82497 11.10973 hargrave 2016-08-17 17:59:19 
NRM    296.8  36.9 297.8  46.4 6.31E-03 003.2 132.6  18.4 26.44753 20.09160 11.21260 hargrave 2016-08-17 20:50:10 
LN2    297.1  37.1 298.1  46.6 6.30E-03 002.1 132.8  18.5 13.88549 15.19137 10.11873 hargrave 2016-08-19 19:37:59 
TT 100 293.9  35.4 294.3  44.9 6.29E-03 002.3 129.6  18.2 19.77447 13.04419 7.854340 hargrave 2016-08-26 15:01:05 
TT 200 297.5  36.9 298.5  46.3 6.08E-03 004.0 133.0  18.1 32.17114 26.72108 9.384056 hargrave 2016-08-31 19:02:46 
TT 300 293.0  34.8 293.3  44.3 5.71E-03 001.3 128.6  18.0 9.216780 5.298264 8.407234 hargrave 2016-09-01 16:31:46 
TT 350 295.3  35.8 296.0  45.2 5.37E-03 001.3 130.8  18.0 6.043771 6.719270 8.426236 hargrave 2016-09-02 15:54:15 
TT 400 294.9  36.3 295.6  45.8 5.02E-03 002.7 130.8  18.6 16.33998 15.77088 6.910476 hargrave 2016-09-08 11:47:02 
TT 425 295.3  36.4 296.0  45.8 4.88E-03 001.0 131.1  18.5 4.070644 2.405813 7.743568 hargrave 2016-09-09 09:39:11 
TT 450 296.2  36.7 297.1  46.2 4.76E-03 001.3 132.0  18.4 3.224240 5.129525 8.778615 hargrave 2016-09-12 11:55:15 
TT 475 296.0  36.6 296.8  46.0 4.67E-03 001.6 131.8  18.4 8.249896 8.721719 6.533955 hargrave 2016-09-12 22:42:25 
TT 500 296.4  36.8 297.3  46.3 4.58E-03 001.1 132.2  18.4 2.804836 3.840600 7.513852 hargrave 2016-09-15 12:31:17 
TT 525 294.6  36.1 295.2  45.5 4.41E-03 000.9 130.5  18.5 4.546753 3.222579 5.083939 hargrave 2016-09-19 18:59:20 
TT 550 296.2  36.7 297.0  46.1 4.06E-03 003.7 131.9  18.4 20.34058 15.69261 6.421001 hargrave 2016-09-22 17:56:18 
TT 560 297.1  37.1 298.1  46.5 3.89E-03 001.6 132.8  18.4 7.003269 5.157683 6.767858 hargrave 2016-09-29 11:40:20 
TT 570 295.5  36.7 296.2  46.1 3.61E-03 001.2 131.4  18.7 4.264317 3.567342 5.337629 hargrave 2016-10-03 18:30:20 
TT 575 294.3  35.7 294.9  45.1 3.22E-03 001.9 130.1  18.2 7.379127 6.336564 4.548888 hargrave 2016-10-08 15:34:54 
TT 575 292.5  34.8 292.7  44.3 3.22E-03 001.2 128.2  18.3 3.888108 3.631929 4.677718 hargrave 2016-10-10 17:23:12 
TT 580 295.6  36.6 296.3  46.0 2.92E-03 001.8 131.4  18.5 6.840035 4.717788 4.391853 hargrave 2016-10-20 13:19:13 
TT 595 297.1  37.0 298.1  46.5 2.25E-03 001.3 132.8  18.4 3.575242 3.486314 2.443558 hargrave 2016-10-25 01:15:22 
TT 610 294.4  35.9 294.9  45.4 1.46E-03 001.5 130.2  18.5 2.055629 2.140788 2.415471 hargrave 2016-11-07 11:35:10 
TT 625 295.3  35.7 296.0  45.1 8.90E-04 001.6 130.8  17.9 1.760557 1.213141 1.259037 hargrave 2016-11-08 12:55:39 
TT 640 298.9  37.7 300.3  47.1 8.12E-04 001.7 134.5  18.3 1.732304 1.500408 0.995747 hargrave 2016-11-09 11:58:04 
TT 655 297.4  36.3 298.4  45.7 6.52E-04 001.2 132.7  17.6 0.812490 0.536250 0.930663 hargrave 2016-11-10 12:41:17 
TT 665 299.0  38.1 300.4  47.4 4.53E-04 002.4 134.7  18.6 1.191888 1.342261 0.741894 hargrave 2016-11-11 13:37:51 
TT 675 297.6  37.7 298.7  47.2 2.52E-04 001.2 133.5  18.8 0.309243 0.346262 0.322956 hargrave 2016-11-14 20:59:04 
TT 680 297.3  38.3 298.4  47.7 2.42E-04 001.5 133.6  19.4 0.481669 0.354439 0.289101 hargrave 2016-11-15 19:48:41 
