GB7- 9a sun compass orientation
  181.4  30.3  13.0  20.7   9.5   1.0
NRM    294.1  30.0 294.5  39.5 8.36E-04 002.9 352.6  42.9 2.633819 1.699189 2.830645 hargrave 2016-08-17 18:06:10 
NRM    294.6  30.0 295.1  39.4 8.36E-04 002.9 353.2  42.9 2.497486 2.227780 2.750833 hargrave 2016-08-17 20:57:00 
LN2    293.4  29.9 293.8  39.4 8.24E-04 002.9 351.9  42.8 2.915430 1.193330 2.843611 hargrave 2016-08-19 19:45:37 
TT 100 295.5  29.7 296.1  39.2 8.22E-04 002.6 354.3  42.6 2.052442 1.805972 2.582641 hargrave 2016-08-26 15:07:53 
TT 200 294.9  29.2 295.4  38.7 8.16E-04 002.4 353.6  42.1 1.944107 1.565289 2.391636 hargrave 2016-08-31 19:11:06 
TT 300 293.7  28.9 294.1  38.4 7.86E-04 002.9 352.2  41.8 2.242996 2.436027 2.353206 hargrave 2016-09-01 16:38:27 
TT 350 295.6  28.9 296.2  38.4 7.59E-04 002.4 354.5  41.9 1.963185 0.988645 2.329015 hargrave 2016-09-02 16:01:48 
TT 400 297.5  28.7 298.3  38.1 7.26E-04 002.6 356.7  41.7 0.916486 3.160421 0.872539 hargrave 2016-09-08 11:53:53 
TT 425 294.2  29.0 294.6  38.4 7.16E-04 003.4 352.8  41.9 0.986814 4.042366 0.744468 hargrave 2016-09-09 09:44:39 
TT 450 296.3  28.7 297.0  38.1 7.07E-04 001.2 355.3  41.7 1.047579 1.032380 0.714612 hargrave 2016-09-12 12:01:14 
TT 475 296.0  28.8 296.6  38.3 6.99E-04 001.4 354.9  41.8 1.314135 1.030388 1.038393 hargrave 2016-09-12 22:48:37 
TT 500 292.6  28.6 292.9  38.1 6.81E-04 003.0 351.0  41.4 1.170895 3.484278 0.496720 hargrave 2016-09-15 12:36:40 
TT 525 294.2  29.0 294.6  38.5 6.58E-04 001.2 352.8  41.9 1.009785 0.904847 0.755062 hargrave 2016-09-19 19:07:01 
TT 550 294.0  29.4 294.4  38.9 5.95E-04 002.4 352.6  42.3 0.868090 2.307791 0.583443 hargrave 2016-09-22 18:04:02 
TT 560 292.7  29.4 293.0  38.9 5.66E-04 001.3 351.1  42.3 0.972312 0.929983 0.533405 hargrave 2016-09-29 11:48:13 
TT 570 295.4  29.6 296.0  39.0 5.62E-04 001.7 354.3  42.5 1.124715 1.144379 0.830639 hargrave 2016-10-03 18:37:05 
TT 575 295.0  29.6 295.5  39.1 5.45E-04 002.2 353.7  42.5 0.832021 1.836447 0.666324 hargrave 2016-10-08 15:52:49 
TT 575 293.3  29.8 293.6  39.3 5.46E-04 001.4 351.7  42.7 0.886756 0.892918 0.798503 hargrave 2016-10-10 17:30:38 
TT 580 295.1  29.5 295.6  39.0 5.40E-04 001.5 353.8  42.5 1.122565 0.978837 0.704417 hargrave 2016-10-20 13:27:08 
TT 595 293.1  29.9 293.4  39.4 5.21E-04 001.5 351.5  42.8 0.849236 1.027004 0.712482 hargrave 2016-10-25 01:22:49 
TT 610 292.9  29.9 293.1  39.4 5.02E-04 001.2 351.2  42.7 0.683948 0.749846 0.479461 hargrave 2016-11-07 11:41:59 
TT 625 295.2  30.0 295.8  39.4 4.52E-04 001.4 354.0  42.9 0.920265 0.618475 0.656857 hargrave 2016-11-08 13:02:30 
TT 640 293.5  30.1 293.8  39.6 4.11E-04 002.8 351.9  43.0 0.759534 1.883494 0.697049 hargrave 2016-11-09 12:05:08 
TT 655 294.1  30.4 294.5  39.9 3.14E-04 001.4 352.7  43.3 0.391993 0.623859 0.279198 hargrave 2016-11-10 12:50:37 
TT 665 295.3  31.1 295.8  40.6 2.13E-04 002.4 354.0  44.1 0.399036 0.761626 0.338749 hargrave 2016-11-11 13:44:44 
TT 675 292.4  31.7 292.6  41.2 1.14E-04 003.1 350.5  44.5 0.180507 0.591634 0.159020 hargrave 2016-11-14 21:05:00 
TT 680 294.8  31.2 295.3  40.6 1.12E-04 003.8 353.4  44.1 0.434632 0.615978 0.196938 hargrave 2016-11-15 19:54:37 
