GB7- 6a sun compass orientation
  179.4 320.2  11.0  20.7   9.5   1.0
NRM    294.6  30.9 295.1  40.3 2.00E-03 001.8 071.0  35.0 5.347730 2.617619 2.503804 hargrave 2016-08-17 18:00:48 
NRM    293.2  30.8 293.5  40.3 2.00E-03 001.4 069.6  35.3 3.659254 1.972551 2.705325 hargrave 2016-08-17 20:51:38 
LN2    294.0  31.0 294.4  40.5 1.97E-03 003.3 070.5  35.3 10.07700 4.731537 2.833167 hargrave 2016-08-19 19:39:26 
TT 100 294.0  30.5 294.4  40.0 1.97E-03 002.4 070.3  34.8 7.194324 3.508204 2.341758 hargrave 2016-08-26 15:03:22 
TT 200 293.3  29.9 293.6  39.4 1.96E-03 001.4 069.5  34.3 4.023341 2.058200 1.898235 hargrave 2016-08-31 19:05:19 
TT 300 296.4  30.0 297.1  39.5 1.91E-03 001.4 072.6  33.9 3.987999 2.506635 1.350199 hargrave 2016-09-01 16:33:30 
TT 350 296.4  30.0 297.0  39.5 1.86E-03 001.2 072.6  33.9 3.137025 2.180835 1.647134 hargrave 2016-09-02 15:56:50 
TT 400 294.6  30.6 295.1  40.1 1.79E-03 002.3 071.0  34.8 6.218122 3.103535 2.376333 hargrave 2016-09-08 11:49:10 
TT 425 295.3  30.6 295.9  40.1 1.77E-03 001.3 071.7  34.6 2.781185 1.951758 2.367874 hargrave 2016-09-09 09:40:36 
TT 450 295.4  31.1 296.0  40.6 1.74E-03 001.3 071.9  35.2 2.040857 1.667789 3.203536 hargrave 2016-09-12 11:56:43 
TT 475 296.1  31.3 296.8  40.8 1.72E-03 001.6 072.7  35.3 3.334776 2.236145 2.813643 hargrave 2016-09-12 22:43:53 
TT 500 296.2  30.9 296.9  40.3 1.70E-03 001.2 072.7  34.7 1.950952 1.948054 2.291315 hargrave 2016-09-15 12:32:41 
TT 525 294.0  30.4 294.4  39.9 1.68E-03 002.0 070.3  34.7 5.110623 2.518830 2.022451 hargrave 2016-09-19 19:02:02 
TT 550 294.8  30.7 295.3  40.2 1.62E-03 002.1 071.2  34.8 4.994329 2.209575 2.060879 hargrave 2016-09-22 17:58:57 
TT 560 293.3  30.9 293.6  40.4 1.59E-03 001.9 069.7  35.3 3.884593 1.539173 3.441100 hargrave 2016-09-29 11:43:04 
TT 570 295.2  31.5 295.8  41.0 1.58E-03 001.8 071.8  35.6 3.935591 1.922223 2.451310 hargrave 2016-10-03 18:32:36 
TT 575 295.4  31.6 296.0  41.1 1.54E-03 002.0 072.0  35.7 4.217406 2.538149 2.394053 hargrave 2016-10-08 15:38:46 
TT 575 292.9  31.1 293.2  40.6 1.54E-03 001.7 069.3  35.6 3.528128 2.087921 2.215562 hargrave 2016-10-10 17:26:08 
TT 580 293.9  31.4 294.3  40.9 1.52E-03 001.5 070.5  35.7 2.884104 1.732001 2.316688 hargrave 2016-10-20 13:22:27 
TT 595 292.6  31.1 292.9  40.6 1.49E-03 002.6 069.0  35.6 5.984170 3.119508 1.588090 hargrave 2016-10-25 01:17:55 
TT 610 292.4  31.3 292.6  40.8 1.42E-03 001.6 068.8  35.9 2.685877 1.778415 2.289494 hargrave 2016-11-07 11:37:29 
TT 625 292.0  31.2 292.1  40.7 1.33E-03 001.4 068.4  35.9 2.294967 1.597150 1.921378 hargrave 2016-11-08 12:57:58 
TT 640 295.4  32.0 296.1  41.5 1.24E-03 001.5 072.2  36.1 2.580621 1.341849 1.754211 hargrave 2016-11-09 12:00:26 
TT 655 293.6  31.3 293.9  40.8 1.00E-03 002.9 070.1  35.7 4.393877 2.489836 1.242704 hargrave 2016-11-10 12:45:28 
TT 665 295.6  32.5 296.3  41.9 7.58E-04 001.7 072.5  36.5 1.597206 1.050372 1.136065 hargrave 2016-11-11 13:40:13 
TT 675 297.4  33.1 298.3  42.6 4.16E-04 002.2 074.5  36.8 1.451633 0.559746 0.544524 hargrave 2016-11-14 21:00:30 
TT 680 293.7  32.8 294.1  42.3 4.14E-04 001.5 070.6  37.1 0.784314 0.498029 0.577016 hargrave 2016-11-15 19:50:07 
