GB5- 3a mag compass orientation (IGRF corrected)
   42.2 148.5  44.0  20.7   9.5   1.0
NRM    007.4 -56.3 354.7 -53.1 3.36E-02 002.3 332.5 -20.9 41.77416 43.91103 119.9756 hargrave 2016-08-17 17:23:52 
NRM    008.9 -56.9 355.8 -53.9 3.36E-02 002.4 333.5 -20.9 62.67009 38.70096 120.1993 hargrave 2016-08-17 20:11:52 
LN2    008.7 -56.9 355.6 -53.8 3.26E-02 002.7 333.5 -20.9 73.48252 56.03712 125.7782 hargrave 2016-08-19 19:00:03 
TT 100 008.0 -56.5 355.2 -53.4 3.28E-02 002.1 332.9 -20.9 53.49164 30.44595 107.2161 hargrave 2016-08-26 14:21:48 
TT 200 010.2 -58.5 356.1 -55.7 3.19E-02 002.6 335.2 -21.9 68.14482 55.06508 114.0045 hargrave 2016-08-31 18:24:43 
TT 300 008.4 -58.2 354.7 -55.1 3.05E-02 002.3 334.1 -22.1 43.64268 30.27200 112.6512 hargrave 2016-09-01 15:53:30 
TT 350 006.4 -57.8 353.2 -54.4 2.87E-02 002.2 333.0 -22.4 33.78714 43.24568 98.98221 hargrave 2016-09-02 15:15:01 
TT 400 004.9 -58.0 351.8 -54.3 2.68E-02 003.2 332.4 -23.0 70.60821 129.7423 33.65711 hargrave 2016-09-08 11:12:20 
TT 425 008.2 -59.3 353.9 -56.1 2.59E-02 000.9 334.7 -23.1 20.96715 17.16640 32.18725 hargrave 2016-09-08 17:19:43 
TT 450 007.0 -58.8 353.2 -55.4 2.51E-02 002.5 333.9 -23.0 58.88235 90.70429 31.13006 hargrave 2016-09-12 11:18:13 
TT 475 006.5 -58.8 352.7 -55.4 2.45E-02 001.4 333.7 -23.2 32.10754 42.87572 34.77060 hargrave 2016-09-12 22:05:45 
TT 500 009.8 -60.1 355.0 -57.1 2.41E-02 000.9 336.0 -23.3 18.40173 17.85788 30.85316 hargrave 2016-09-15 12:01:24 
TT 525 006.0 -58.7 352.4 -55.1 2.34E-02 002.3 333.3 -23.2 37.07892 81.22783 37.20581 hargrave 2016-09-19 18:16:48 
TT 550 005.1 -58.1 351.8 -54.5 2.29E-02 002.0 332.6 -23.1 39.63694 64.85155 32.53764 hargrave 2016-09-22 17:13:35 
TT 560 008.3 -59.4 354.0 -56.2 2.25E-02 002.6 334.8 -23.1 42.29872 90.20330 32.68058 hargrave 2016-09-29 11:00:17 
TT 570 006.2 -58.7 352.6 -55.2 2.15E-02 003.1 333.5 -23.2 49.72783 101.6582 29.56050 hargrave 2016-10-03 17:52:49 
TT 575 004.2 -57.5 351.3 -53.8 2.13E-02 003.1 331.7 -22.9 49.06879 102.8392 29.69702 hargrave 2016-10-08 14:50:20 
TT 575 005.7 -58.1 352.4 -54.6 2.13E-02 002.1 332.8 -22.9 30.33651 71.38444 26.16083 hargrave 2016-10-10 16:45:01 
TT 580 008.3 -59.5 353.9 -56.3 2.11E-02 002.5 334.9 -23.2 39.84907 78.56306 26.55162 hargrave 2016-10-20 12:34:28 
TT 595 008.5 -59.6 354.1 -56.4 2.00E-02 001.7 335.0 -23.2 24.11370 47.07336 30.55849 hargrave 2016-10-25 00:32:49 
TT 610 007.6 -59.8 353.2 -56.5 1.56E-02 002.4 334.8 -23.7 30.70711 54.94066 18.03475 hargrave 2016-11-07 10:56:08 
TT 625 004.7 -58.7 351.2 -55.0 6.18E-03 002.2 332.8 -23.7 9.109438 21.15441 7.866813 hargrave 2016-11-08 12:19:01 
TT 640 001.6 -58.1 348.8 -54.0 2.91E-03 002.1 331.0 -24.2 3.986751 8.965833 4.668573 hargrave 2016-11-09 11:19:46 
TT 655 000.6 -57.9 348.0 -53.7 2.54E-03 001.9 330.4 -24.4 4.797141 6.228667 3.396252 hargrave 2016-11-10 12:00:06 
TT 665 003.9 -58.2 350.8 -54.4 2.29E-03 001.2 332.1 -23.5 2.398348 2.986596 3.004848 hargrave 2016-11-11 12:59:40 
TT 675 006.9 -59.6 352.7 -56.1 2.11E-03 001.0 334.3 -23.7 2.210894 2.003932 2.562273 hargrave 2016-11-14 20:21:38 
TT 680 355.7 -54.2 345.2 -49.4 9.69E-04 001.2 325.5 -23.5 1.038147 1.400804 1.237728 hargrave 2016-11-15 19:08:20 
