GB5- 4a mag compass orientation (IGRF corrected)
   42.3 328.5  19.0  20.7   9.5   1.0
NRM    006.6 -55.6 354.3 -52.3 3.07E-02 003.6 097.9 -63.3 182.5741 58.18613 15.61770 hargrave 2016-08-17 17:25:20 
NRM    006.4 -55.4 354.2 -52.1 3.07E-02 003.5 097.8 -63.2 181.9941 59.14558 13.88326 hargrave 2016-08-17 20:13:20 
LN2    006.0 -55.8 353.7 -52.4 2.99E-02 003.1 096.9 -63.3 151.1366 56.06478 13.09406 hargrave 2016-08-19 19:01:31 
TT 100 006.7 -55.9 354.3 -52.6 2.99E-02 003.0 097.5 -63.6 148.5657 51.40565 20.64242 hargrave 2016-08-26 14:23:16 
TT 200 009.0 -55.8 356.4 -52.9 2.94E-02 001.7 100.1 -64.3 76.84156 48.26190 22.94882 hargrave 2016-08-31 18:26:09 
TT 300 006.9 -57.3 353.8 -54.0 2.73E-02 002.7 095.9 -64.8 121.1819 41.57122 20.36443 hargrave 2016-09-01 15:54:57 
TT 350 007.1 -57.3 354.0 -53.9 2.55E-02 002.0 096.1 -64.8 80.47010 40.00263 18.36768 hargrave 2016-09-02 15:16:28 
TT 400 005.0 -57.3 352.1 -53.7 2.40E-02 001.5 093.9 -64.2 50.05415 47.82407 9.104773 hargrave 2016-09-08 11:13:30 
TT 425 007.9 -56.0 355.3 -52.9 2.33E-02 003.7 098.6 -64.1 143.2207 57.72021 17.21233 hargrave 2016-09-08 17:20:52 
TT 450 005.7 -56.9 352.9 -53.4 2.28E-02 001.7 095.2 -64.1 55.94929 45.22613 8.846849 hargrave 2016-09-12 11:19:46 
TT 475 005.5 -56.8 352.8 -53.3 2.23E-02 001.9 095.1 -64.0 64.76971 45.35371 16.17114 hargrave 2016-09-12 22:07:15 
TT 500 007.4 -56.2 354.8 -53.0 2.19E-02 001.7 097.9 -64.1 52.52684 43.79180 13.25365 hargrave 2016-09-15 12:02:34 
TT 525 005.8 -57.0 353.0 -53.5 2.12E-02 002.9 095.2 -64.2 102.3479 43.26631 9.560649 hargrave 2016-09-19 18:18:14 
TT 550 005.9 -57.2 353.0 -53.7 2.07E-02 002.3 095.0 -64.4 75.94802 43.72448 12.32302 hargrave 2016-09-22 17:15:09 
TT 560 004.6 -57.3 351.8 -53.6 2.03E-02 001.8 093.6 -64.1 54.81363 43.97333 17.86343 hargrave 2016-09-29 11:01:51 
TT 570 004.0 -57.8 351.0 -54.0 1.92E-02 002.6 092.3 -64.2 79.44842 39.39304 10.62709 hargrave 2016-10-03 17:54:17 
TT 575 006.9 -56.8 354.0 -53.5 1.90E-02 002.0 096.5 -64.4 53.80865 40.47003 14.54807 hargrave 2016-10-08 14:53:55 
TT 575 005.7 -57.2 352.8 -53.7 1.90E-02 002.6 094.8 -64.4 75.50146 38.86181 11.98626 hargrave 2016-10-10 16:48:48 
TT 580 006.5 -56.4 353.9 -53.0 1.88E-02 002.3 096.7 -64.0 65.25045 37.36321 8.614935 hargrave 2016-10-20 12:36:54 
TT 595 006.3 -56.6 353.6 -53.2 1.75E-02 001.8 096.2 -64.1 43.14747 33.67942 12.28730 hargrave 2016-10-25 00:34:16 
TT 610 006.3 -56.6 353.6 -53.2 1.37E-02 002.1 096.1 -64.1 44.85881 26.99886 6.103625 hargrave 2016-11-07 10:58:27 
TT 625 005.4 -57.2 352.5 -53.7 6.93E-03 002.9 094.4 -64.3 33.25942 12.60064 3.460845 hargrave 2016-11-08 12:20:30 
TT 640 004.1 -56.1 351.8 -52.4 2.90E-03 002.7 094.6 -62.9 12.59047 5.571808 2.380870 hargrave 2016-11-09 11:21:16 
TT 655 003.2 -55.5 351.3 -51.7 2.53E-03 001.5 094.5 -62.1 4.884781 4.868289 0.849115 hargrave 2016-11-10 12:02:57 
TT 665 003.1 -54.9 351.4 -51.1 2.27E-03 001.6 095.1 -61.6 5.023671 4.080778 0.966961 hargrave 2016-11-11 13:01:08 
TT 675 003.9 -54.9 352.2 -51.2 2.09E-03 001.7 095.9 -61.9 4.931120 3.749401 0.797189 hargrave 2016-11-14 20:23:06 
TT 680 004.3 -56.7 351.8 -53.0 1.11E-03 002.3 094.1 -63.4 3.986777 1.977046 0.726853 hargrave 2016-11-15 19:09:47 
