GB5- 5a mag compass orientation (IGRF corrected)
   42.3 299.5  38.0  20.7   9.5   1.0
NRM    007.3 -54.1 355.6 -50.9 2.13E-02 002.2 072.2 -76.6 72.82440 41.35004 10.47925 hargrave 2016-08-17 17:26:49 
NRM    007.3 -54.0 355.6 -50.8 2.13E-02 002.1 072.8 -76.6 68.60768 40.95475 11.16884 hargrave 2016-08-17 20:14:48 
LN2    007.6 -54.6 355.6 -51.5 2.08E-02 002.1 070.0 -76.7 64.15451 40.34850 11.34789 hargrave 2016-08-19 19:02:59 
TT 100 007.9 -54.7 355.9 -51.6 2.09E-02 001.9 069.7 -76.9 57.05768 37.68570 15.41217 hargrave 2016-08-26 14:24:44 
TT 200 008.0 -53.1 356.6 -50.1 2.07E-02 001.5 076.6 -76.9 37.36036 39.64996 21.08381 hargrave 2016-08-31 18:27:37 
TT 300 008.4 -55.7 355.9 -52.7 1.93E-02 002.3 064.9 -77.1 71.59001 31.92933 19.12200 hargrave 2016-09-01 15:56:25 
TT 350 008.3 -55.9 355.7 -52.9 1.79E-02 002.0 064.1 -77.0 54.67417 28.81172 16.84659 hargrave 2016-09-02 15:17:57 
TT 400 007.0 -56.1 354.5 -52.8 1.68E-02 001.9 063.9 -76.3 46.35275 33.18657 14.60864 hargrave 2016-09-08 11:14:41 
TT 425 006.9 -55.4 354.7 -52.2 1.62E-02 001.9 066.7 -76.3 46.41208 32.98490 13.24015 hargrave 2016-09-08 17:22:48 
TT 450 007.0 -55.5 354.7 -52.2 1.58E-02 001.5 066.4 -76.3 31.24712 31.41817 9.220679 hargrave 2016-09-12 11:21:15 
TT 475 006.8 -55.0 354.7 -51.7 1.54E-02 001.6 068.4 -76.2 33.35320 30.81274 12.62715 hargrave 2016-09-12 22:08:43 
TT 500 007.1 -55.0 355.0 -51.8 1.51E-02 001.7 068.3 -76.4 36.47654 29.53924 16.14792 hargrave 2016-09-15 12:04:26 
TT 525 007.3 -55.6 354.9 -52.4 1.45E-02 001.7 066.0 -76.5 33.14892 30.30033 8.183741 hargrave 2016-09-19 18:19:46 
TT 550 007.2 -55.4 354.9 -52.2 1.42E-02 001.6 066.6 -76.4 29.51856 28.59683 12.56729 hargrave 2016-09-22 17:16:42 
TT 560 007.2 -55.5 354.9 -52.3 1.37E-02 001.6 066.3 -76.4 28.83232 28.00210 13.88219 hargrave 2016-09-29 11:03:24 
TT 570 007.2 -55.4 354.9 -52.2 1.29E-02 001.7 066.7 -76.4 27.32296 26.91982 8.240297 hargrave 2016-10-03 17:55:46 
TT 575 007.1 -55.5 354.8 -52.3 1.27E-02 001.7 066.2 -76.4 25.58343 29.13773 4.713873 hargrave 2016-10-08 14:57:28 
TT 575 007.3 -56.2 354.7 -52.9 1.28E-02 001.7 063.4 -76.4 26.09227 27.11046 6.673671 hargrave 2016-10-10 16:50:24 
TT 580 007.0 -55.4 354.8 -52.1 1.25E-02 001.5 066.8 -76.3 22.16058 24.99344 6.987867 hargrave 2016-10-20 12:38:26 
TT 595 006.7 -54.9 354.7 -51.6 1.15E-02 001.5 069.1 -76.2 20.24389 23.17514 7.279217 hargrave 2016-10-25 00:35:45 
TT 610 006.7 -55.6 354.4 -52.3 8.50E-03 001.5 066.0 -76.1 15.33996 15.63833 2.565229 hargrave 2016-11-07 10:59:54 
TT 625 007.8 -54.5 355.8 -51.4 4.07E-03 001.6 070.5 -76.8 9.241841 7.285260 3.398183 hargrave 2016-11-08 12:21:58 
TT 640 007.1 -54.8 355.1 -51.6 2.07E-03 001.6 069.2 -76.4 4.716205 3.743284 1.692660 hargrave 2016-11-09 11:22:47 
TT 655 005.3 -53.8 353.9 -50.3 1.83E-03 001.6 073.5 -75.4 3.763705 3.359130 0.654498 hargrave 2016-11-10 12:04:28 
TT 665 005.0 -54.0 353.5 -50.5 1.60E-03 001.4 072.5 -75.2 2.846848 2.932025 1.096791 hargrave 2016-11-11 13:02:40 
TT 675 005.1 -53.3 353.9 -49.9 1.45E-03 001.4 075.1 -75.2 2.496172 2.575689 0.828196 hargrave 2016-11-14 20:24:34 
TT 680 007.7 -54.4 355.8 -51.3 9.16E-04 001.7 071.1 -76.8 2.147239 1.683303 0.850942 hargrave 2016-11-15 19:11:12 
