GB5- 1a mag compass orientation (IGRF corrected)
  41.45 259.5  45.0  20.7   9.5   1.0
NRM    009.0 -52.2 357.8 -49.4 2.60E-02 001.9 306.3 -75.3 60.15566 58.73168 21.30806 hargrave 2016-08-17 17:22:23 
NRM    008.8 -52.1 357.7 -49.3 2.60E-02 001.8 306.3 -75.4 58.40488 55.72242 21.41885 hargrave 2016-08-17 20:10:23 
LN2    009.7 -51.2 358.9 -48.5 2.52E-02 002.5 301.8 -75.2 98.36456 49.02405 18.58208 hargrave 2016-08-19 18:58:33 
TT 100 009.3 -52.7 357.9 -49.9 2.51E-02 001.6 308.0 -75.0 55.49735 45.13605 17.16845 hargrave 2016-08-26 14:20:19 
TT 200 008.9 -54.4 356.9 -51.4 2.45E-02 001.6 313.9 -74.4 51.97561 39.27290 23.21216 hargrave 2016-08-31 18:23:16 
TT 300 009.3 -54.4 357.2 -51.5 2.35E-02 001.5 313.5 -74.2 48.81458 38.50754 18.84330 hargrave 2016-09-01 15:52:01 
TT 350 009.6 -54.6 357.4 -51.7 2.18E-02 001.6 313.8 -74.0 39.64025 43.22358 19.20364 hargrave 2016-09-02 15:13:35 
TT 400 008.2 -55.1 356.0 -52.0 2.01E-02 001.6 316.8 -74.4 41.01754 36.23215 18.48484 hargrave 2016-09-08 11:11:09 
TT 425 008.8 -54.6 356.8 -51.6 1.93E-02 001.9 314.6 -74.4 48.79417 36.34736 16.92215 hargrave 2016-09-08 17:18:33 
TT 450 008.4 -55.1 356.1 -52.1 1.85E-02 002.3 316.9 -74.3 61.79461 40.66031 15.02259 hargrave 2016-09-12 11:16:44 
TT 475 008.2 -55.3 355.9 -52.2 1.81E-02 001.5 317.6 -74.3 33.19345 33.01380 17.81401 hargrave 2016-09-12 22:04:13 
TT 500 007.9 -55.4 355.5 -52.2 1.77E-02 002.0 318.2 -74.4 50.74291 33.40312 17.45674 hargrave 2016-09-15 12:00:14 
TT 525 008.4 -54.9 356.2 -51.8 1.73E-02 001.7 316.0 -74.4 37.01195 35.31447 17.71786 hargrave 2016-09-19 18:15:21 
TT 550 008.7 -55.1 356.4 -52.1 1.69E-02 002.2 316.3 -74.2 51.31525 35.97540 16.49465 hargrave 2016-09-22 17:12:07 
TT 560 008.6 -55.1 356.3 -52.1 1.67E-02 002.7 316.6 -74.2 61.64357 45.64740 19.89451 hargrave 2016-09-29 10:58:44 
TT 570 008.5 -55.1 356.2 -52.0 1.60E-02 002.2 316.5 -74.3 44.79741 42.50839 10.11562 hargrave 2016-10-03 17:51:19 
TT 575 008.3 -55.7 355.8 -52.7 1.58E-02 001.8 318.8 -74.0 37.70877 34.17914 8.758683 hargrave 2016-10-08 14:48:48 
TT 575 008.5 -55.6 355.9 -52.6 1.59E-02 001.8 318.4 -74.0 37.41460 33.22176 14.06066 hargrave 2016-10-10 16:43:26 
TT 580 008.2 -55.2 355.9 -52.2 1.58E-02 001.8 317.5 -74.3 36.15258 31.31776 9.487340 hargrave 2016-10-20 12:32:55 
TT 595 007.6 -55.8 355.1 -52.7 1.51E-02 001.6 320.0 -74.3 30.05388 29.35250 14.48244 hargrave 2016-10-25 00:31:23 
TT 610 008.3 -54.8 356.2 -51.8 1.26E-02 002.1 316.0 -74.5 38.09132 27.00272 6.034436 hargrave 2016-11-07 10:54:39 
TT 625 007.9 -54.2 356.0 -51.1 4.60E-03 001.6 314.3 -75.1 8.826140 9.341911 3.847398 hargrave 2016-11-08 12:17:31 
TT 640 006.8 -52.6 355.7 -49.5 2.45E-03 001.7 310.2 -76.3 5.036437 5.476254 2.160832 hargrave 2016-11-09 11:17:24 
TT 655 005.9 -52.0 355.1 -48.7 2.14E-03 001.6 308.7 -77.1 4.301814 4.025984 1.644835 hargrave 2016-11-10 11:58:36 
TT 665 006.7 -54.0 355.0 -50.8 1.90E-03 001.6 315.2 -75.7 4.046749 3.659655 0.819985 hargrave 2016-11-11 12:58:10 
TT 675 006.9 -53.0 355.6 -49.8 1.67E-03 001.7 311.5 -76.1 3.799931 3.137365 0.610544 hargrave 2016-11-14 20:20:09 
TT 680 006.5 -50.4 356.2 -47.2 7.47E-04 002.0 301.5 -77.4 2.032007 1.713020 0.542702 hargrave 2016-11-15 19:06:50 
