GB5- 6a mag compass orientation (IGRF corrected)
   42.3 348.5  25.0  20.7   9.5   1.0
NRM    005.3 -60.3 350.9 -56.6 2.45E-02 002.3 063.4 -58.0 49.37259 79.39733 35.16359 hargrave 2016-08-17 17:28:17 
NRM    004.9 -60.4 350.6 -56.7 2.46E-02 002.2 063.0 -57.9 44.21498 78.85252 35.46568 hargrave 2016-08-17 20:16:17 
LN2    005.2 -60.8 350.6 -57.1 2.39E-02 001.8 062.6 -58.3 38.58096 57.04585 34.01720 hargrave 2016-08-19 19:04:27 
TT 100 005.6 -60.5 351.1 -56.9 2.40E-02 001.6 063.3 -58.2 31.75948 58.03224 26.67290 hargrave 2016-08-26 14:26:13 
TT 200 006.1 -62.1 350.6 -58.5 2.36E-02 001.7 061.2 -59.4 46.13040 41.88077 32.81981 hargrave 2016-08-31 18:29:07 
TT 300 006.5 -62.2 350.9 -58.6 2.23E-02 001.7 061.3 -59.6 35.55177 45.20560 29.78104 hargrave 2016-09-01 15:57:56 
TT 350 006.9 -62.2 351.2 -58.6 2.08E-02 001.7 061.5 -59.7 37.91133 40.34408 28.59168 hargrave 2016-09-02 15:19:27 
TT 400 004.5 -62.9 348.8 -58.9 1.94E-02 001.9 059.1 -59.3 47.30155 41.02931 14.43638 hargrave 2016-09-08 11:15:57 
TT 425 005.6 -62.3 350.1 -58.5 1.87E-02 002.4 060.7 -59.3 60.17279 51.48517 17.92240 hargrave 2016-09-08 17:24:00 
TT 450 005.1 -61.8 349.9 -58.1 1.82E-02 001.6 061.0 -58.9 38.24206 36.08866 11.26101 hargrave 2016-09-12 11:22:54 
TT 475 006.1 -61.2 351.1 -57.6 1.78E-02 003.1 062.5 -58.8 77.58078 60.36196 20.49165 hargrave 2016-09-12 22:10:16 
TT 500 007.2 -61.5 351.9 -58.0 1.73E-02 001.5 062.8 -59.4 31.94617 30.92272 12.53624 hargrave 2016-09-15 12:05:38 
TT 525 006.3 -61.8 351.0 -58.2 1.68E-02 001.6 061.8 -59.3 34.58386 30.74394 22.72670 hargrave 2016-09-19 18:21:15 
TT 550 007.6 -61.2 352.4 -57.8 1.63E-02 001.8 063.4 -59.4 41.06520 28.47916 14.15728 hargrave 2016-09-22 17:18:12 
TT 560 006.3 -61.5 351.1 -58.0 1.57E-02 001.5 062.2 -59.1 32.54851 29.01809 10.85818 hargrave 2016-09-29 11:05:00 
TT 570 006.3 -61.1 351.3 -57.5 1.48E-02 001.6 062.9 -58.8 22.11253 34.15734 16.50658 hargrave 2016-10-03 17:57:15 
TT 575 003.8 -62.3 348.5 -58.3 1.46E-02 001.6 059.6 -58.7 25.09074 31.97018 15.35577 hargrave 2016-10-08 14:58:56 
TT 575 004.5 -61.7 349.5 -57.9 1.47E-02 001.9 060.9 -58.6 32.03146 38.35246 12.38907 hargrave 2016-10-10 16:51:57 
TT 580 007.5 -60.2 352.9 -56.8 1.43E-02 002.1 064.9 -58.7 31.95791 40.07546 16.83227 hargrave 2016-10-20 12:39:58 
TT 595 006.1 -61.8 350.8 -58.2 1.31E-02 001.7 061.7 -59.2 31.49706 20.02144 21.51037 hargrave 2016-10-25 00:37:15 
TT 610 005.7 -60.3 351.2 -56.7 9.28E-03 002.8 063.6 -58.1 36.39156 28.36545 4.556355 hargrave 2016-11-07 11:01:23 
TT 625 007.0 -60.7 352.2 -57.3 4.81E-03 001.7 063.8 -58.9 8.051355 11.25779 6.050426 hargrave 2016-11-08 12:23:26 
TT 640 004.5 -60.1 350.3 -56.3 2.19E-03 001.6 063.2 -57.5 3.057320 5.003987 2.895080 hargrave 2016-11-09 11:25:09 
TT 655 002.0 -61.1 347.7 -57.0 1.93E-03 002.0 060.3 -57.3 4.676575 4.409496 2.064357 hargrave 2016-11-10 12:06:02 
TT 665 002.9 -58.7 349.7 -54.7 1.71E-03 002.4 064.2 -56.0 5.265764 4.714625 1.478046 hargrave 2016-11-11 13:04:08 
TT 675 003.8 -58.5 350.5 -54.7 1.49E-03 001.3 064.9 -56.2 2.123238 2.645512 1.547133 hargrave 2016-11-14 20:26:02 
TT 680 004.5 -61.1 349.8 -57.2 7.89E-04 002.2 061.8 -58.2 1.874949 2.334442 1.101120 hargrave 2016-11-15 19:12:40 
