GB16- 5a sun compass orientation
  244.5 101.3  19.0  20.7   9.5   1.0
NRM    296.4  32.8 297.1  42.3 2.05E-04 002.0 272.1  35.7 0.655592 0.198620 0.244982 hargrave 2016-09-01 10:47:00 
LN2    297.1  32.3 298.0  41.7 2.00E-04 001.9 273.1  35.4 0.555680 0.286432 0.271184 hargrave 2016-09-04 18:17:24 
TT 100 294.5  32.6 295.0  42.1 1.99E-04 001.4 270.5  34.9 0.263558 0.319528 0.319928 hargrave 2016-11-16 16:04:21 
TT 200 295.8  31.4 296.5  40.8 1.92E-04 004.2 272.3  34.2 1.375288 0.235005 0.217771 hargrave 2016-11-21 16:14:17 
TT 300 296.9  30.4 297.7  39.8 1.75E-04 001.2 273.8  33.6 0.192831 0.261614 0.236619 hargrave 2016-12-09 22:53:13 
TT 350 294.3  32.6 294.8  42.1 1.52E-04 004.1 270.2  34.8 1.028282 0.202809 0.319889 hargrave 2016-12-16 11:34:04 
TT 400 298.1  31.6 299.1  41.0 1.44E-04 002.5 274.4  35.1 0.558711 0.199758 0.227137 hargrave 2017-01-05 11:55:48 
TT 425 297.5  31.8 298.3  41.2 1.35E-04 004.0 273.7  35.1 0.929002 0.179184 0.181325 hargrave 2017-01-06 15:30:01 
TT 450 298.8  31.4 299.8  40.8 1.29E-04 002.9 275.1  35.2 0.611323 0.177982 0.170856 hargrave 2017-01-09 16:33:27 
TT 475 298.2  31.4 299.2  40.8 1.22E-04 002.5 274.6  35.0 0.481558 0.178831 0.168003 hargrave 2017-01-10 16:37:43 
TT 500 296.6  31.5 297.4  40.9 1.16E-04 002.5 273.0  34.6 0.460325 0.193067 0.155186 hargrave 2017-01-11 19:16:42 
TT 525 297.1  29.9 297.9  39.4 1.09E-04 001.6 274.2  33.3 0.237596 0.153341 0.123523 hargrave 2017-01-15 18:39:36 
TT 550 300.5  28.9 301.6  38.3 1.01E-04 001.6 277.9  33.4 0.229071 0.132549 0.104437 hargrave 2017-01-18 14:17:58 
TT 560 300.0  29.1 301.1  38.4 9.67E-05 001.1 277.4  33.4 0.123283 0.142422 0.095620 hargrave 2017-01-19 00:50:45 
TT 570 300.3  29.4 301.5  38.7 9.34E-05 003.5 277.5  33.8 0.546708 0.111408 0.104619 hargrave 2017-01-19 15:45:07 
TT 575 299.6  30.1 300.7  39.4 9.16E-05 003.0 276.6  34.2 0.458661 0.088805 0.135096 hargrave 2017-01-20 13:40:05 
TT 580 300.2  29.3 301.3  38.7 8.97E-05 001.2 277.4  33.7 0.102248 0.131250 0.100610 hargrave 2017-01-22 13:08:24 
TT 595 299.1  29.7 300.1  39.1 8.59E-05 001.6 276.2  33.7 0.198879 0.105794 0.100178 hargrave 2017-02-01 16:00:22 
TT 610 301.7  28.9 303.0  38.2 8.10E-05 001.9 279.1  33.8 0.252696 0.103941 0.080029 hargrave 2017-02-02 14:55:09 
TT 625 301.2  29.1 302.4  38.4 7.18E-05 002.1 278.5  33.8 0.252700 0.080654 0.069067 hargrave 2017-02-06 13:50:56 
TT 640 300.0  28.8 301.1  38.2 5.91E-05 001.4 277.4  33.2 0.104400 0.123407 0.074958 hargrave 2017-02-08 12:12:28 
TT 655 300.6  29.8 301.8  39.1 3.48E-05 001.6 277.6  34.2 0.094295 0.065201 0.022778 hargrave 2017-02-08 21:39:55 
TT 665 299.2  29.2 300.2  38.6 1.99E-05 001.0 276.5  33.3 0.029407 0.035774 0.014812 hargrave 2017-02-09 14:50:32 
TT 675 299.8  27.7 300.8  37.1 1.25E-05 003.9 277.8  32.1 0.084015 0.031425 0.009998 hargrave 2017-02-13 17:27:14 
TT 680 301.5  27.0 302.6  36.3 9.51E-06 003.4 279.7  32.0 0.055054 0.025087 0.008489 hargrave 2017-02-14 22:09:55 
