GB16- 3a mag compass orientation (IGRF corrected)
  245.1 162.5  29.0  20.7   9.5   1.0
NRM    298.5  36.6 299.8  46.0 4.83E-04 002.3 216.6  14.6 1.091585 0.991052 1.296979 hargrave 2016-09-01 10:43:52 
LN2    299.3  35.6 300.5  45.0 4.72E-04 001.3 217.6  13.8 0.645944 0.755997 0.538941 hargrave 2016-09-04 18:14:18 
TT 100 288.1  37.4 287.7  46.9 4.64E-04 005.2 208.3  12.6 1.940879 3.676031 0.584402 hargrave 2016-11-16 16:00:20 
TT 200 295.5  34.0 296.2  43.5 4.47E-04 001.2 215.2  11.3 0.358434 0.585437 0.647172 hargrave 2016-11-21 16:07:59 
TT 300 300.6  31.5 301.9  40.8 4.04E-04 002.0 220.2  10.4 0.864353 0.954054 0.538401 hargrave 2016-12-09 22:49:10 
TT 350 302.1  31.0 303.5  40.3 3.51E-04 001.5 221.6  10.4 0.329979 0.761826 0.616896 hargrave 2016-12-16 11:30:36 
TT 400 296.5  33.2 297.3  42.7 3.22E-04 002.2 216.2  10.8 0.719031 0.883242 0.527898 hargrave 2017-01-05 11:51:51 
TT 425 294.9  33.3 295.5  42.7 3.05E-04 001.4 215.0  10.4 0.269377 0.344979 0.643670 hargrave 2017-01-06 15:26:46 
TT 450 298.5  32.4 299.5  41.8 2.81E-04 005.5 218.2  10.6 1.640930 2.089687 0.441795 hargrave 2017-01-09 16:30:13 
TT 475 297.3  32.6 298.2  42.0 2.57E-04 002.3 217.2  10.5 0.579023 0.719416 0.515268 hargrave 2017-01-10 16:34:28 
TT 500 298.8  31.6 299.8  41.0 2.38E-04 002.0 218.7  10.0 0.577644 0.442072 0.482745 hargrave 2017-01-11 19:13:58 
TT 525 297.7  31.1 298.6  40.5 2.17E-04 001.5 218.0  09.2 0.215235 0.368593 0.392963 hargrave 2017-01-15 18:36:25 
TT 550 298.8  30.6 299.9  40.0 1.94E-04 001.5 219.1  09.0 0.181907 0.298546 0.365681 hargrave 2017-01-18 14:14:47 
TT 560 300.1  30.2 301.3  39.5 1.80E-04 002.6 220.3  09.0 0.421800 0.639661 0.305718 hargrave 2017-01-19 00:46:44 
TT 570 298.4  30.7 299.4  40.1 1.70E-04 001.8 218.7  09.0 0.221852 0.381651 0.330195 hargrave 2017-01-19 15:41:52 
TT 575 298.6  30.9 299.5  40.3 1.65E-04 001.5 218.8  09.2 0.196713 0.324314 0.232652 hargrave 2017-01-20 13:34:15 
TT 580 297.7  30.9 298.6  40.4 1.61E-04 001.2 218.1  09.0 0.092114 0.146100 0.300784 hargrave 2017-01-22 13:04:22 
TT 595 300.0  30.2 301.1  39.6 1.51E-04 001.4 220.1  09.0 0.149904 0.137669 0.304216 hargrave 2017-02-01 15:57:12 
TT 610 300.9  29.8 302.1  39.1 1.40E-04 001.3 221.0  08.9 0.147567 0.166452 0.249136 hargrave 2017-02-02 14:51:59 
TT 625 299.9  30.1 301.1  39.5 1.22E-04 002.4 220.2  08.9 0.418576 0.262422 0.199112 hargrave 2017-02-06 13:48:23 
TT 640 298.9  30.4 299.9  39.8 9.60E-05 002.1 219.2  08.9 0.244788 0.210778 0.167901 hargrave 2017-02-08 12:10:05 
TT 655 299.2  31.2 300.3  40.6 6.04E-05 003.4 219.2  09.7 0.318661 0.205928 0.087677 hargrave 2017-02-08 21:36:47 
TT 665 302.7  30.3 304.2  39.6 3.93E-05 003.2 222.3  10.0 0.136806 0.191132 0.050750 hargrave 2017-02-09 14:48:12 
TT 675 300.5  30.1 301.6  39.5 2.53E-05 004.4 220.6  09.1 0.127770 0.141998 0.046422 hargrave 2017-02-13 17:24:18 
TT 680 303.0  30.1 304.5  39.4 1.83E-05 005.4 222.6  09.9 0.115470 0.131276 0.028177 hargrave 2017-02-14 22:07:04 
