GB16- 6a mag compass orientation (IGRF corrected)
 244.55 156.5  27.0  20.7   9.5   1.0
NRM    295.0  33.1 295.6  42.6 9.65E-04 003.3 220.2  13.6 3.326763 3.756165 2.499002 hargrave 2016-09-01 10:48:27 
LN2    294.4  32.3 294.9  41.7 9.42E-04 001.4 220.0  12.6 1.101006 1.812344 1.245412 hargrave 2016-09-04 18:18:51 
TT 100 297.1  30.9 297.9  40.4 9.33E-04 003.1 222.7  12.2 3.164191 3.728630 1.533743 hargrave 2016-11-16 16:05:57 
TT 200 293.5  30.6 293.9  40.1 9.05E-04 003.8 219.8  10.8 3.539513 4.675956 1.408648 hargrave 2016-11-21 16:15:54 
TT 300 296.6  29.2 297.3  38.7 8.25E-04 002.7 222.9  10.5 2.789318 2.315828 1.749106 hargrave 2016-12-09 22:57:04 
TT 350 293.2  30.1 293.5  39.6 7.40E-04 001.3 219.8  10.2 0.628334 0.815448 1.476719 hargrave 2016-12-16 11:38:02 
TT 400 297.9  29.0 298.7  38.4 7.07E-04 002.8 224.0  10.6 2.131334 2.534021 1.105878 hargrave 2017-01-05 11:59:04 
TT 425 295.6  29.5 296.1  39.0 6.75E-04 001.8 221.9  10.4 0.922895 1.336027 1.401761 hargrave 2017-01-06 15:33:14 
TT 450 296.3  29.5 297.0  39.0 6.52E-04 002.6 222.5  10.6 1.582905 2.393535 0.904684 hargrave 2017-01-09 16:36:42 
TT 475 298.2  28.8 299.1  38.3 6.28E-04 003.3 224.4  10.6 2.245333 2.412077 1.656739 hargrave 2017-01-10 16:40:53 
TT 500 297.8  28.9 298.6  38.3 6.03E-04 001.5 224.0  10.5 0.720632 1.127999 1.016078 hargrave 2017-01-11 19:20:06 
TT 525 300.4  26.8 301.5  36.1 5.75E-04 002.9 227.0  09.4 1.690226 2.122145 1.178845 hargrave 2017-01-15 18:43:39 
TT 550 298.4  27.6 299.3  37.0 5.43E-04 006.2 225.0  09.5 3.903842 4.296683 0.970636 hargrave 2017-01-18 14:21:58 
TT 560 297.0  28.3 297.7  37.7 5.28E-04 003.7 223.6  09.6 1.845452 2.512050 1.462373 hargrave 2017-01-19 00:54:44 
TT 570 298.5  27.4 299.3  36.8 5.12E-04 003.4 225.1  09.3 1.889688 2.249766 0.897520 hargrave 2017-01-19 15:49:11 
TT 575 294.7  28.4 295.1  37.8 5.03E-04 002.5 221.6  09.0 1.086775 1.813528 0.870996 hargrave 2017-01-20 13:41:39 
TT 580 296.8  28.3 297.5  37.7 4.95E-04 003.4 223.4  09.6 1.470444 2.195473 1.343509 hargrave 2017-01-22 13:12:22 
TT 595 298.6  27.5 299.5  36.9 4.79E-04 004.0 225.2  09.4 2.438053 2.122943 0.870565 hargrave 2017-02-01 16:04:21 
TT 610 292.5  29.6 292.8  39.1 4.57E-04 003.9 219.4  09.5 2.147241 2.082527 1.049018 hargrave 2017-02-02 14:59:08 
TT 625 301.5  26.4 302.6  35.7 4.26E-04 001.6 228.1  09.4 0.882036 0.574568 0.662275 hargrave 2017-02-06 13:54:20 
TT 640 297.0  27.7 297.7  37.1 3.84E-04 001.3 223.8  09.1 0.466508 0.436993 0.764472 hargrave 2017-02-08 12:15:24 
TT 655 296.1  28.6 296.7  38.1 2.99E-04 003.3 222.7  09.7 1.227278 1.104805 0.510779 hargrave 2017-02-08 21:42:49 
TT 665 300.2  27.3 301.2  36.6 2.19E-04 001.9 226.6  09.7 0.462362 0.451979 0.360539 hargrave 2017-02-09 14:52:51 
TT 675 297.5  28.2 298.3  37.6 1.49E-04 003.3 224.0  09.7 0.689594 0.447226 0.324805 hargrave 2017-02-13 17:30:00 
TT 680 301.3  26.9 302.4  36.2 8.82E-05 002.5 227.7  09.7 0.300849 0.203170 0.159405 hargrave 2017-02-14 22:12:40 
