GB16- 4a sun compass orientation
 244.75 252.3   8.0  20.7   9.5   1.0
NRM    287.9  35.9 287.4  45.3 5.32E-04 001.4 129.7  31.0 0.821597 0.918749 0.685787 hargrave 2016-09-01 10:45:28 
LN2    288.3  36.8 287.9  46.3 5.20E-04 001.3 130.3  31.8 0.850671 0.739433 0.570075 hargrave 2016-09-04 18:15:52 
TT 100 293.2  37.4 293.6  46.8 5.14E-04 003.0 135.0  31.9 1.807101 1.965377 0.568871 hargrave 2016-11-16 16:01:57 
TT 200 289.1  35.8 288.8  45.3 5.00E-04 003.0 130.9  30.8 2.080526 1.635454 0.591931 hargrave 2016-11-21 16:11:52 
TT 300 290.7  36.3 290.7  45.8 4.59E-04 001.5 132.5  31.1 0.896960 0.572173 0.616558 hargrave 2016-12-09 22:50:45 
TT 350 288.3  35.0 288.0  44.4 4.08E-04 001.3 130.1  30.0 0.636974 0.662769 0.483522 hargrave 2016-12-16 11:32:11 
TT 400 291.1  34.9 291.2  44.4 3.79E-04 002.8 132.7  29.7 1.306405 1.188058 0.552292 hargrave 2017-01-05 11:54:13 
TT 425 287.5  34.4 287.0  43.8 3.59E-04 002.2 129.2  29.5 0.875253 0.876183 0.674856 hargrave 2017-01-06 15:28:22 
TT 450 289.8  34.4 289.7  43.9 3.38E-04 002.1 131.4  29.3 0.808395 0.784428 0.499599 hargrave 2017-01-09 16:31:49 
TT 475 289.0  33.8 288.8  43.3 3.17E-04 001.1 130.6  28.8 0.284216 0.292752 0.494332 hargrave 2017-01-10 16:36:01 
TT 500 291.0  34.1 291.0  43.6 2.94E-04 001.3 132.4  28.9 0.408121 0.226327 0.512640 hargrave 2017-01-11 19:15:19 
TT 525 291.5  35.2 291.6  44.7 2.66E-04 001.4 133.1  29.9 0.351792 0.370988 0.452308 hargrave 2017-01-15 18:38:00 
TT 550 287.9  34.4 287.5  43.9 2.31E-04 002.3 129.6  29.5 0.733243 0.506250 0.331774 hargrave 2017-01-18 14:16:21 
TT 560 291.9  34.9 292.1  44.4 2.16E-04 001.9 133.4  29.6 0.567214 0.323710 0.344633 hargrave 2017-01-19 00:48:17 
TT 570 289.5  34.5 289.3  44.0 2.04E-04 001.9 131.0  29.4 0.493170 0.354916 0.337596 hargrave 2017-01-19 15:43:26 
TT 575 291.5  34.7 291.6  44.2 1.96E-04 001.3 133.0  29.5 0.246089 0.285547 0.273290 hargrave 2017-01-20 13:36:07 
TT 580 285.9  34.1 285.3  43.5 1.91E-04 001.9 127.7  29.4 0.502356 0.288283 0.287896 hargrave 2017-01-22 13:05:57 
TT 595 291.6  34.7 291.7  44.2 1.75E-04 001.5 133.1  29.4 0.254862 0.239018 0.296998 hargrave 2017-02-01 15:58:45 
TT 610 290.1  34.5 290.0  44.0 1.59E-04 001.6 131.7  29.3 0.363199 0.229824 0.231283 hargrave 2017-02-02 14:53:32 
TT 625 288.8  33.6 288.5  43.1 1.41E-04 001.5 130.3  28.6 0.243758 0.251272 0.208208 hargrave 2017-02-06 13:49:37 
TT 640 291.4  34.7 291.6  44.2 1.13E-04 003.7 132.9  29.4 0.492124 0.515450 0.173006 hargrave 2017-02-08 12:11:14 
TT 655 287.4  33.4 286.9  42.9 7.53E-05 001.3 128.9  28.6 0.163302 0.081733 0.108899 hargrave 2017-02-08 21:37:56 
TT 665 292.4  34.4 292.7  43.9 4.08E-05 004.2 133.8  29.1 0.234060 0.189528 0.059254 hargrave 2017-02-09 14:49:22 
TT 675 298.1  34.4 299.2  43.8 2.05E-05 005.6 139.1  28.5 0.134072 0.152407 0.034651 hargrave 2017-02-13 17:25:45 
TT 680 294.9  37.1 295.5  46.6 1.23E-05 004.3 136.5  31.5 0.064320 0.067706 0.021549 hargrave 2017-02-14 22:08:29 
