GB17- 5a mag compass orientation (IGRF corrected)
  244.9 205.5  68.0  20.7   9.5   1.0
NRM    301.4  40.1 303.4  49.4 2.73E-04 002.9 185.1 -27.7 0.269696 1.246334 0.518822 hargrave 2016-09-01 11:00:17 
LN2    300.1  39.3 301.7  48.7 2.66E-04 003.0 184.0 -28.5 0.299037 1.313224 0.443032 hargrave 2016-09-04 18:32:37 
TT 100 303.5  38.7 305.6  47.9 2.62E-04 001.8 187.1 -28.9 0.272698 0.709264 0.412453 hargrave 2016-11-16 16:21:44 
TT 200 300.4  38.2 302.1  47.5 2.54E-04 001.6 184.5 -29.6 0.273926 0.549467 0.436708 hargrave 2016-11-21 16:26:01 
TT 300 296.5  37.9 297.4  47.3 2.32E-04 002.6 180.9 -30.1 0.292019 0.956794 0.417632 hargrave 2016-12-09 23:07:26 
TT 350 301.7  37.4 303.5  46.7 2.00E-04 002.6 185.7 -30.3 0.507590 0.694255 0.380033 hargrave 2016-12-17 13:38:06 
TT 400 297.7  37.2 298.8  46.6 1.86E-04 001.1 182.0 -30.8 0.163469 0.255863 0.236849 hargrave 2017-01-05 12:09:12 
TT 425 300.0  37.0 301.5  46.3 1.75E-04 001.6 184.2 -30.9 0.210990 0.392679 0.265205 hargrave 2017-01-06 15:42:51 
TT 450 298.2  36.9 299.4  46.3 1.67E-04 001.6 182.5 -31.0 0.164942 0.401138 0.183870 hargrave 2017-01-09 16:46:14 
TT 475 302.4  36.8 304.3  46.1 1.58E-04 002.3 186.5 -30.8 0.165237 0.574321 0.199221 hargrave 2017-01-10 16:49:59 
TT 500 300.6  36.5 302.1  45.8 1.49E-04 001.0 184.8 -31.3 0.163766 0.160351 0.178508 hargrave 2017-01-11 19:28:43 
TT 525 300.6  36.6 302.2  45.9 1.39E-04 002.1 184.8 -31.2 0.260670 0.309139 0.335429 hargrave 2017-01-15 18:53:03 
TT 550 303.1  35.9 305.0  45.2 1.26E-04 001.8 187.2 -31.6 0.207879 0.197766 0.286215 hargrave 2017-01-18 14:31:11 
TT 560 300.1  36.1 301.6  45.5 1.21E-04 001.9 184.4 -31.7 0.221251 0.152067 0.314923 hargrave 2017-01-19 01:04:13 
TT 570 300.9  36.0 302.5  45.4 1.17E-04 002.1 185.1 -31.7 0.195726 0.287384 0.250810 hargrave 2017-01-19 15:58:24 
TT 575 302.2  35.9 303.9  45.1 1.14E-04 001.7 186.3 -31.8 0.188496 0.140821 0.260848 hargrave 2017-01-20 13:51:33 
TT 580 301.9  35.6 303.6  44.9 1.12E-04 003.5 186.1 -32.1 0.238605 0.552619 0.321427 hargrave 2017-01-22 13:21:47 
TT 595 302.7  35.7 304.6  45.0 1.04E-04 002.6 186.9 -31.9 0.137031 0.403695 0.228989 hargrave 2017-02-01 16:13:25 
TT 610 297.2  36.1 298.2  45.5 8.74E-05 002.6 181.6 -31.9 0.144343 0.305151 0.222380 hargrave 2017-02-02 15:08:19 
TT 625 302.2  35.7 304.0  45.0 6.91E-05 002.6 186.5 -31.9 0.135122 0.243998 0.142224 hargrave 2017-02-06 14:01:42 
TT 640 300.9  35.7 302.4  45.0 4.76E-05 006.6 185.2 -32.1 0.069578 0.538786 0.113306 hargrave 2017-02-08 12:23:30 
TT 655 302.2  38.2 304.2  47.5 2.91E-05 004.3 186.1 -29.4 0.266449 0.164603 0.069000 hargrave 2017-02-08 21:50:40 
TT 665 297.3  39.4 298.5  48.8 1.45E-05 002.0 181.6 -28.6 0.028949 0.035172 0.032749 hargrave 2017-02-09 15:00:51 
TT 675 307.4  38.6 310.2  47.6 1.29E-05 003.7 190.6 -28.4 0.022380 0.077785 0.028856 hargrave 2017-02-13 17:39:49 
TT 680 311.8  39.5 315.3  48.3 6.04E-06 003.9 194.0 -26.6 0.011683 0.038498 0.014229 hargrave 2017-02-14 22:22:30 
