GB17- 6a mag compass orientation (IGRF corrected)
  244.8 186.5  98.0  20.7   9.5   1.0
NRM    311.9 -12.1 311.4 -03.2 1.63E-04 001.8 299.3 -49.5 0.383600 0.227697 0.257874 hargrave 2016-09-01 11:01:51 
LN2    310.2 -12.4 309.7 -03.4 1.53E-04 002.0 301.0 -50.8 0.431820 0.264060 0.176895 hargrave 2016-09-04 18:34:15 
TT 100 310.7 -10.7 310.4 -01.8 1.53E-04 004.2 298.3 -51.1 0.980155 0.517865 0.108179 hargrave 2016-11-16 16:23:41 
TT 200 309.3 -11.4 309.0 -02.4 1.49E-04 001.7 300.3 -52.0 0.342396 0.288721 0.074308 hargrave 2016-11-21 16:28:02 
TT 300 308.5 -11.3 308.2 -02.2 1.41E-04 004.5 300.8 -52.8 0.938009 0.605067 0.092795 hargrave 2016-12-09 23:08:58 
TT 350 308.0 -12.2 307.6 -03.1 1.29E-04 002.3 302.5 -52.8 0.399023 0.324940 0.141548 hargrave 2016-12-17 13:39:38 
TT 400 309.5 -11.3 309.1 -02.3 1.23E-04 001.5 300.1 -51.9 0.202400 0.208440 0.154255 hargrave 2017-01-05 12:10:42 
TT 425 307.3 -13.5 306.9 -04.4 1.18E-04 002.7 304.9 -52.6 0.482277 0.205902 0.216950 hargrave 2017-01-06 15:44:24 
TT 450 308.8 -12.2 308.4 -03.2 1.13E-04 001.6 301.9 -52.1 0.234991 0.150456 0.159941 hargrave 2017-01-09 16:47:45 
TT 475 308.6 -12.2 308.2 -03.1 1.08E-04 002.2 302.0 -52.3 0.360912 0.135746 0.185844 hargrave 2017-01-10 16:51:31 
TT 500 309.1 -12.1 308.7 -03.1 1.04E-04 001.9 301.5 -51.8 0.238831 0.144937 0.244958 hargrave 2017-01-11 19:29:56 
TT 525 306.7 -12.2 306.3 -03.1 9.56E-05 001.5 303.7 -53.8 0.167767 0.135822 0.148296 hargrave 2017-01-15 18:54:34 
TT 550 306.4 -12.9 306.0 -03.7 8.52E-05 001.5 304.8 -53.7 0.150999 0.148692 0.088286 hargrave 2017-01-18 14:32:43 
TT 560 306.3 -12.8 305.9 -03.6 7.98E-05 002.9 304.8 -53.8 0.290266 0.265800 0.119051 hargrave 2017-01-19 01:05:49 
TT 570 306.7 -12.6 306.3 -03.5 7.52E-05 002.0 304.2 -53.6 0.205921 0.134167 0.093810 hargrave 2017-01-19 15:59:56 
TT 575 307.6 -13.0 307.2 -03.9 7.25E-05 001.8 304.0 -52.6 0.190885 0.124855 0.059249 hargrave 2017-01-20 13:53:10 
TT 580 307.1 -12.1 306.8 -03.0 6.90E-05 001.5 303.1 -53.5 0.116450 0.126099 0.100857 hargrave 2017-01-22 13:23:19 
TT 595 306.7 -13.2 306.3 -04.0 5.82E-05 004.1 305.0 -53.3 0.340376 0.222509 0.080063 hargrave 2017-02-01 16:14:56 
TT 610 307.3 -12.1 306.9 -03.0 4.74E-05 001.5 303.0 -53.4 0.078133 0.079871 0.071808 hargrave 2017-02-02 15:09:51 
TT 625 307.4 -14.6 306.9 -05.5 3.28E-05 001.6 306.3 -52.0 0.065024 0.058952 0.044392 hargrave 2017-02-06 14:03:00 
TT 640 307.5 -13.3 307.1 -04.2 2.30E-05 003.5 304.5 -52.5 0.110546 0.082271 0.035206 hargrave 2017-02-08 12:24:44 
TT 655 306.6 -16.4 306.1 -07.2 1.50E-05 002.1 309.4 -51.5 0.040094 0.036697 0.017781 hargrave 2017-02-08 21:51:48 
TT 665 306.4 -10.5 306.1 -01.4 9.76E-06 002.0 301.4 -54.9 0.025476 0.020512 0.013412 hargrave 2017-02-09 15:02:04 
TT 675 306.3 -17.4 305.7 -08.2 6.08E-06 003.9 310.9 -51.1 0.031760 0.027369 0.006830 hargrave 2017-02-13 17:41:20 
TT 680 307.4 -15.9 306.8 -06.8 2.21E-06 002.0 308.1 -51.2 0.005729 0.005917 0.003625 hargrave 2017-02-14 22:24:01 
