GB10- 5a sun compass orientation
 230.25 204.7  13.0  20.7   9.5   1.0
NRM    297.5  36.6 298.6  46.0 7.51E-04 003.6 182.5  23.6 1.459806 3.614023 2.771747 hargrave 2016-08-17 18:54:47 
NRM    296.7  36.6 297.6  46.1 7.51E-04 004.2 181.7  23.6 1.395060 4.541331 2.702664 hargrave 2016-08-18 11:33:33 
LN2    297.4  36.6 298.4  46.0 7.47E-04 003.1 182.4  23.6 1.458978 2.292036 2.926160 hargrave 2016-08-22 09:03:15 
TT 100 302.6  36.0 304.4  45.3 7.48E-04 002.2 186.9  23.2 1.115549 0.867578 2.548730 hargrave 2016-08-26 15:56:03 
TT 200 302.8  35.5 304.6  44.7 7.44E-04 002.6 187.1  22.6 0.760503 3.164977 0.806842 hargrave 2016-09-12 12:48:35 
TT 300 294.4  12.9 294.6  22.4 6.60E-04 023.6 179.7 -00.1 0.584998 4.894927 28.35992 hargrave 2016-09-13 14:32:50 
TT 300 294.1  12.8 294.3  22.3 6.60E-04 023.7 179.4 -00.2 0.542094 5.221747 28.49207 hargrave 2016-09-14 09:56:49 
TT 300 300.5  35.2 301.9  44.5 7.14E-04 001.0 185.1  22.3 0.595898 0.788509 0.903306 hargrave 2016-09-14 12:56:20 
TT 350 302.7  34.6 304.4  43.8 6.94E-04 001.3 187.0  21.7 0.882911 1.197321 0.840646 hargrave 2016-09-26 17:13:17 
TT 400 301.6  35.0 303.2  44.3 6.70E-04 003.4 186.1  22.0 0.970969 3.841324 0.892811 hargrave 2016-10-04 10:50:32 
TT 425 302.9  34.9 304.7  44.1 6.57E-04 001.4 187.3  22.0 0.453145 1.323851 0.837272 hargrave 2016-10-21 11:37:25 
TT 450 301.9  34.8 303.5  44.1 6.39E-04 001.9 186.3  21.9 0.404141 1.969759 0.804068 hargrave 2016-10-28 11:40:34 
TT 475 300.4  34.4 301.8  43.7 6.12E-04 001.8 185.1  21.4 0.674641 1.662181 0.798813 hargrave 2016-11-03 12:16:15 
TT 500 302.3  34.7 304.0  44.0 5.83E-04 003.3 186.7  21.8 0.507681 3.208368 0.678537 hargrave 2016-11-07 12:30:34 
TT 525 302.4  34.5 304.1  43.8 5.51E-04 001.0 186.8  21.6 0.404421 0.739323 0.616546 hargrave 2016-11-08 20:09:26 
TT 550 301.7  34.4 303.3  43.7 4.80E-04 001.1 186.2  21.5 0.337435 0.719491 0.528545 hargrave 2016-11-09 15:26:30 
TT 560 301.4  34.2 302.9  43.5 4.38E-04 001.3 185.9  21.3 0.493550 0.750880 0.543210 hargrave 2016-11-13 21:42:31 
TT 570 303.0  34.0 304.8  43.3 2.89E-04 002.6 187.4  21.1 0.372606 1.208996 0.369584 hargrave 2016-11-14 23:15:41 
TT 575 304.3  34.3 306.2  43.5 2.86E-04 002.1 188.5  21.4 0.256916 0.960812 0.317699 hargrave 2016-11-16 14:09:49 
TT 580 303.7  34.5 305.6  43.7 2.50E-04 001.7 188.0  21.6 0.198249 0.682773 0.279712 hargrave 2016-11-21 14:43:45 
TT 595 303.2  35.2 305.0  44.5 1.16E-04 002.3 187.5  22.3 0.129174 0.416617 0.199835 hargrave 2016-11-23 13:47:29 
TT 610 301.0  34.9 302.5  44.2 9.21E-05 001.3 185.5  22.0 0.097434 0.163329 0.119386 hargrave 2016-11-30 10:59:18 
TT 625 306.1  35.1 308.4  44.2 5.14E-05 001.9 190.1  22.3 0.051132 0.148202 0.060875 hargrave 2016-12-09 14:55:40 
TT 640 299.4  36.9 300.8  46.2 3.09E-05 001.9 184.1  23.9 0.052787 0.060606 0.068867 hargrave 2016-12-13 18:45:26 
TT 655 303.7  36.3 305.7  45.5 2.11E-05 003.6 187.9  23.5 0.032039 0.123458 0.051737 hargrave 2016-12-15 16:25:15 
TT 665 276.1  34.8 274.0  44.0 1.20E-05 019.7 163.6  22.4 0.058627 0.453916 0.024125 hargrave 2016-12-16 18:20:26 
TT 665 300.0  36.6 301.4  45.9 1.17E-05 003.8 184.6  23.6 0.018825 0.076134 0.011401 hargrave 2016-12-17 15:56:34 
TT 675 313.8  37.4 317.4  46.0 7.63E-06 001.7 196.7  25.0 0.010444 0.016672 0.013949 hargrave 2016-12-22 12:20:17 
TT 680 298.7  49.3 300.8  58.7 4.43E-06 002.0 183.2  36.3 0.006901 0.013150 0.006470 hargrave 2016-12-22 21:39:11 
