GB10- 10a sun compass orientation
 230.35 327.5   9.0  20.7   9.5   1.0
NRM    298.7  32.4 299.7  41.8 1.12E-03 001.6 066.7  36.3 2.420454 1.185662 1.714796 hargrave 2016-08-17 19:03:45 
NRM    298.8  32.4 299.9  41.8 1.12E-03 001.7 066.8  36.3 2.498399 1.167994 1.701610 hargrave 2016-08-18 11:42:33 
LN2    287.2  31.7 286.8  41.2 1.09E-03 012.0 054.6  37.2 17.79173 14.68713 2.496111 hargrave 2016-08-22 09:12:19 
LN2    299.4  32.3 300.6  41.6 1.11E-03 001.8 067.5  36.1 2.628030 1.374462 1.749423 hargrave 2016-08-22 09:46:10 
TT 100 302.4  32.5 304.0  41.8 1.11E-03 001.7 070.6  35.9 2.594525 1.286701 1.513911 hargrave 2016-08-26 16:05:11 
TT 200 298.0  32.0 298.9  41.5 1.12E-03 001.7 065.9  36.1 2.681557 1.445175 1.307332 hargrave 2016-09-12 12:58:37 
TT 300 237.3 -08.8 238.1 -03.1 2.87E-04 074.0 359.8  00.2 1.193073 86.34516 66.94191 hargrave 2016-09-13 14:41:22 
TT 300 300.1  32.1 301.3  41.4 1.07E-03 001.2 068.1  35.8 1.656639 1.258770 1.233964 hargrave 2016-09-14 13:04:16 
TT 350 299.6  32.3 300.8  41.6 1.00E-03 001.4 067.7  36.1 1.506486 1.008834 1.624424 hargrave 2016-09-26 17:23:23 
TT 400 301.6  32.5 303.0  41.8 9.71E-04 002.2 069.7  36.1 3.085999 1.973754 1.189092 hargrave 2016-10-04 11:00:24 
TT 425 303.9  32.6 305.6  41.8 9.42E-04 001.3 072.1  35.8 1.620786 1.169922 0.909548 hargrave 2016-10-21 11:47:34 
TT 450 300.2  32.3 301.5  41.7 9.06E-04 002.0 068.3  36.0 2.758194 1.279448 1.100361 hargrave 2016-10-28 11:50:12 
TT 475 298.6  32.1 299.7  41.5 8.60E-04 001.3 066.6  36.1 1.379397 0.967467 1.011037 hargrave 2016-11-03 12:25:34 
TT 500 299.9  31.9 301.1  41.2 8.30E-04 002.1 067.9  35.7 2.612308 1.523349 0.865725 hargrave 2016-11-07 12:40:32 
TT 525 301.3  32.2 302.6  41.5 7.66E-04 001.3 069.3  35.8 1.274570 0.875485 0.850476 hargrave 2016-11-08 20:18:06 
TT 550 300.1  31.4 301.3  40.8 6.30E-04 001.3 068.0  35.2 1.052284 0.668181 0.690047 hargrave 2016-11-09 15:35:40 
TT 560 303.3  32.1 305.0  41.4 5.37E-04 001.7 071.5  35.4 1.266140 0.882605 0.509223 hargrave 2016-11-13 21:50:21 
TT 570 302.6  32.1 304.2  41.4 5.00E-04 002.3 070.7  35.5 1.737044 1.065372 0.466465 hargrave 2016-11-14 23:25:37 
TT 575 305.3  33.0 307.2  42.1 4.51E-04 002.2 073.6  35.9 1.573394 0.589805 0.556152 hargrave 2016-11-16 14:17:47 
TT 580 301.7  32.9 303.2  42.2 2.86E-04 001.8 070.0  36.4 0.723047 0.402637 0.371585 hargrave 2016-11-21 14:51:42 
TT 595 302.0  32.8 303.5  42.1 2.34E-04 001.3 070.2  36.3 0.382764 0.272200 0.282996 hargrave 2016-11-23 13:54:59 
TT 610 303.0  32.7 304.6  42.0 1.62E-04 001.6 071.2  36.0 0.389896 0.256516 0.287386 hargrave 2016-11-30 11:10:58 
TT 625 302.9  34.2 304.6  43.4 9.19E-05 001.4 071.5  37.5 0.167002 0.129760 0.106985 hargrave 2016-12-09 15:03:58 
TT 640 302.2  32.0 303.7  41.3 9.21E-05 001.5 070.3  35.5 0.146287 0.179164 0.114519 hargrave 2016-12-13 18:53:19 
TT 655 300.6  34.4 302.0  43.7 6.01E-05 001.4 069.2  38.1 0.091785 0.112400 0.067164 hargrave 2016-12-15 16:34:47 
TT 665 305.0  35.1 307.0  44.3 4.99E-05 006.7 073.8  38.1 0.552872 0.205104 0.053165 hargrave 2016-12-16 18:27:51 
TT 675 295.9  35.6 296.7  45.0 2.94E-05 002.3 064.5  39.9 0.074140 0.091519 0.034524 hargrave 2016-12-22 12:26:22 
TT 680 302.1  34.7 303.8  44.0 2.13E-05 001.9 070.8  38.1 0.051911 0.039942 0.033340 hargrave 2016-12-22 21:45:09 
