GB10- 2a sun compass orientation
 229.75 145.6  28.0  20.7   9.5   1.0
NRM    300.2  39.4 301.9  48.8 9.23E-04 003.6 229.8  23.9 2.683512 4.235602 3.048204 hargrave 2016-08-17 18:47:22 
NRM    299.5  39.8 301.1  49.2 9.23E-04 003.0 229.0  24.0 1.887048 3.506609 2.886517 hargrave 2016-08-18 11:26:00 
LN2    308.1  36.6 310.7  45.6 8.10E-04 007.0 237.2  24.4 7.570631 6.087294 2.479845 hargrave 2016-08-22 08:55:46 
TT 100 300.4  39.5 302.1  48.9 8.21E-04 002.3 229.8  24.1 1.685024 0.955650 2.790760 hargrave 2016-08-26 15:48:35 
TT 200 302.4  37.6 304.3  46.8 8.21E-04 001.4 232.4  23.1 1.093782 1.436596 1.001659 hargrave 2016-09-12 12:40:56 
TT 300 235.3  28.0 230.5  33.1 4.60E-04 056.3 179.7 -00.0 0.840102 60.67794 34.09445 hargrave 2016-09-13 14:24:20 
TT 300 235.0  27.8 230.3  32.9 4.60E-04 056.4 179.5 -00.2 0.812634 60.85316 34.21873 hargrave 2016-09-14 09:49:07 
TT 300 303.2  37.3 305.2  46.5 8.03E-04 001.8 233.1  23.1 1.277066 1.848375 1.342063 hargrave 2016-09-14 12:48:15 
TT 350 300.9  37.9 302.5  47.2 7.84E-04 001.6 231.0  22.8 1.973060 1.128126 0.750201 hargrave 2016-09-26 17:05:44 
TT 400 300.7  38.1 302.3  47.4 7.65E-04 004.0 230.8  22.9 4.447290 2.887942 1.253870 hargrave 2016-10-04 10:43:46 
TT 425 302.1  37.8 303.9  47.0 7.56E-04 004.2 232.0  23.1 4.553702 3.016195 1.174376 hargrave 2016-10-21 11:29:40 
TT 450 302.2  37.2 304.0  46.5 7.52E-04 001.4 232.3  22.7 1.215919 1.229307 0.734415 hargrave 2016-10-28 11:31:31 
TT 475 300.5  37.9 302.1  47.2 7.39E-04 001.7 230.7  22.6 1.702150 1.122732 0.941803 hargrave 2016-11-03 12:08:11 
TT 500 300.7  38.1 302.3  47.4 7.34E-04 001.3 230.8  22.9 1.063638 0.931337 0.913296 hargrave 2016-11-07 12:23:06 
TT 525 301.7  37.5 303.4  46.8 7.37E-04 000.9 231.8  22.7 0.654721 0.736924 0.749996 hargrave 2016-11-08 20:02:08 
TT 550 303.4  36.8 305.4  46.0 7.26E-04 001.5 233.5  22.7 1.555224 0.948299 0.910114 hargrave 2016-11-09 15:19:23 
TT 560 298.3  39.0 299.6  48.4 7.12E-04 003.3 228.5  22.8 3.135605 2.493515 0.925155 hargrave 2016-11-13 21:35:16 
TT 570 301.5  37.8 303.3  47.2 6.51E-04 001.2 231.6  23.0 1.021434 0.661707 0.895071 hargrave 2016-11-14 23:08:04 
TT 575 300.0  39.0 301.5  48.3 6.46E-04 004.9 229.8  23.4 4.312414 3.437805 0.723837 hargrave 2016-11-16 14:04:33 
TT 580 302.3  37.9 304.2  47.1 6.46E-04 002.1 232.1  23.3 1.829632 1.355016 0.741248 hargrave 2016-11-21 14:36:26 
TT 595 301.7  38.4 303.5  47.7 5.73E-04 001.2 231.4  23.6 0.681839 0.722990 1.016908 hargrave 2016-11-23 13:40:09 
TT 610 302.6  37.9 304.5  47.2 5.67E-04 001.0 232.3  23.4 0.490465 0.577442 0.762941 hargrave 2016-11-30 10:52:43 
TT 625 301.7  38.7 303.6  48.0 5.39E-04 001.2 231.3  23.8 0.610144 0.705559 0.673126 hargrave 2016-12-09 14:48:15 
TT 640 300.8  39.3 302.6  48.6 4.71E-04 002.4 230.3  24.0 1.585938 0.859767 0.886698 hargrave 2016-12-13 18:38:10 
TT 655 304.0  38.0 306.1  47.2 4.13E-04 001.6 233.3  24.0 0.892698 0.399953 0.726844 hargrave 2016-12-15 16:18:05 
TT 665 300.9  40.4 302.7  49.7 3.85E-04 005.8 229.8  25.0 3.105492 2.185925 0.915192 hargrave 2016-12-16 18:13:29 
TT 675 307.9  41.3 311.1  50.3 2.51E-05 005.7 234.5  28.4 0.197979 0.146613 0.052284 hargrave 2016-12-22 12:15:01 
TT 680 309.4  52.4 314.8  61.2 4.35E-06 005.2 228.3  38.3 0.032710 0.022400 0.009018 hargrave 2016-12-22 21:34:12 
