GB10- 6a sun compass orientation
  230.3 188.5   4.0  20.7   9.5   1.0
NRM    294.2  33.7 294.7  43.2 1.19E-03 003.9 195.1  29.8 3.801068 5.833194 4.025780 hargrave 2016-08-17 18:56:30 
NRM    293.8  33.7 294.2  43.2 1.19E-03 004.2 194.6  29.8 3.989794 6.675371 4.042432 hargrave 2016-08-18 11:35:16 
LN2    289.0  33.8 288.8  43.3 1.18E-03 006.1 190.1  29.8 4.402995 10.98676 4.233842 hargrave 2016-08-22 09:04:59 
TT 100 298.7  33.3 299.8  42.7 1.19E-03 002.8 199.4  29.6 3.290881 2.897214 3.893237 hargrave 2016-08-26 15:57:46 
TT 200 297.3  33.0 298.3  42.4 1.21E-03 003.1 198.1  29.2 2.112020 6.142608 1.246493 hargrave 2016-09-12 12:50:22 
TT 300 278.4  04.0 278.1  13.3 1.01E-03 034.4 179.9  00.0 1.445806 33.11163 60.88121 hargrave 2016-09-13 14:34:35 
TT 300 277.8  03.9 277.4  13.2 1.01E-03 034.8 179.3 -00.1 1.449738 34.34290 61.01780 hargrave 2016-09-14 09:58:30 
TT 300 296.8  32.8 297.6  42.3 1.20E-03 001.9 197.5  29.0 1.612267 3.735342 1.207051 hargrave 2016-09-14 12:57:52 
TT 350 295.9  32.6 296.7  42.1 1.18E-03 001.1 196.7  28.8 1.696021 1.626084 1.153863 hargrave 2016-09-26 17:14:57 
TT 400 293.9  33.0 294.3  42.5 1.15E-03 006.6 194.8  29.2 4.479040 12.56115 1.251166 hargrave 2016-10-04 10:52:16 
TT 425 298.1  33.1 299.1  42.5 1.13E-03 001.4 198.8  29.3 1.034092 2.305582 1.202434 hargrave 2016-10-21 11:39:13 
TT 450 295.8  32.9 296.5  42.3 1.10E-03 001.2 196.6  29.0 0.979301 1.579694 1.334555 hargrave 2016-10-28 11:42:27 
TT 475 294.0  32.7 294.4  42.1 1.06E-03 001.4 194.9  28.8 1.168123 2.062508 1.230136 hargrave 2016-11-03 12:17:46 
TT 500 298.0  32.9 299.0  42.3 1.02E-03 002.1 198.7  29.1 1.256443 3.525400 0.928121 hargrave 2016-11-07 12:32:22 
TT 525 296.9  32.7 297.8  42.1 9.62E-04 001.3 197.7  28.9 0.960430 1.948956 0.897342 hargrave 2016-11-08 20:10:56 
TT 550 299.0  32.6 300.1  41.9 8.29E-04 001.5 199.7  28.8 1.033656 1.745780 0.740580 hargrave 2016-11-09 15:27:59 
TT 560 295.4  32.5 296.1  42.0 7.57E-04 001.7 196.3  28.7 1.007735 2.054427 0.647202 hargrave 2016-11-13 21:44:01 
TT 570 296.3  32.5 297.1  41.9 5.74E-04 002.7 197.1  28.7 1.055563 2.506228 0.525783 hargrave 2016-11-14 23:17:24 
TT 575 299.2  32.6 300.3  42.0 5.55E-04 001.7 199.9  28.8 0.504821 1.460342 0.581705 hargrave 2016-11-16 14:11:21 
TT 580 299.0  32.5 300.1  41.9 4.93E-04 001.2 199.7  28.8 0.488709 0.795289 0.523269 hargrave 2016-11-21 14:45:21 
TT 595 297.7  32.6 298.7  42.0 2.94E-04 003.2 198.5  28.8 0.464179 1.561896 0.361729 hargrave 2016-11-23 13:49:04 
TT 610 299.0  32.6 300.1  42.0 2.28E-04 001.9 199.6  28.8 0.381655 0.594740 0.259664 hargrave 2016-11-30 11:01:49 
TT 625 300.0  32.0 301.2  41.3 1.31E-04 001.3 200.6  28.3 0.140498 0.239427 0.129736 hargrave 2016-12-09 14:57:12 
TT 640 297.9  33.5 299.0  42.9 7.69E-05 002.4 198.6  29.7 0.143353 0.282767 0.113069 hargrave 2016-12-13 18:47:02 
TT 655 298.4  33.9 299.4  43.3 3.56E-05 003.1 199.0  30.1 0.058768 0.179466 0.058319 hargrave 2016-12-15 16:26:47 
TT 665 284.1  35.9 283.1  45.3 1.26E-05 002.9 185.3  31.9 0.024322 0.059047 0.016345 hargrave 2016-12-16 18:21:54 
TT 675 301.8  31.4 303.2  40.7 9.78E-06 002.8 202.4  27.7 0.027564 0.037550 0.017442 hargrave 2016-12-22 12:21:34 
TT 680 286.4  50.0 285.3  59.4 5.50E-06 003.5 187.3  46.0 0.011922 0.031502 0.006967 hargrave 2016-12-22 21:40:20 
