GB10- 9a mag compass orientation (IGRF corrected)
 230.35 223.5  13.0  20.7   9.5   1.0
NRM    290.4  31.0 290.4  40.5 8.79E-04 002.8 159.2  19.0 1.981958 1.965907 3.216412 hargrave 2016-08-17 19:01:59 
NRM    290.1  31.1 290.0  40.6 8.78E-04 002.6 158.9  19.0 1.760023 1.568321 3.151000 hargrave 2016-08-18 11:40:46 
LN2    279.7  30.7 278.4  40.0 8.62E-04 009.5 149.5  19.6 6.446487 12.57169 2.657085 hargrave 2016-08-22 09:10:30 
LN2    288.6  30.9 288.3  40.3 8.72E-04 002.8 157.5  18.9 1.314995 1.497364 3.766768 hargrave 2016-08-22 09:43:32 
TT 100 296.9  31.5 297.7  40.9 8.69E-04 007.4 165.0  19.0 1.892943 10.75618 2.963890 hargrave 2016-08-26 16:03:23 
TT 200 291.0  30.8 291.0  40.3 8.75E-04 002.4 159.7  18.7 1.346773 3.271465 1.032766 hargrave 2016-09-12 12:56:50 
TT 300 313.4  13.0 314.6  21.7 7.51E-04 029.2 179.9 -00.0 0.358361 30.80851 28.55753 hargrave 2016-09-13 14:39:46 
TT 300 288.6  30.6 288.4  40.1 8.53E-04 001.2 157.5  18.7 0.713543 1.355147 1.005575 hargrave 2016-09-14 13:02:44 
TT 350 287.7  30.1 287.3  39.6 8.26E-04 001.9 156.6  18.2 1.017311 2.243198 1.187015 hargrave 2016-09-26 17:20:49 
TT 400 285.6  29.6 284.9  39.0 8.13E-04 001.4 154.6  17.9 0.940606 1.366242 1.426895 hargrave 2016-10-04 10:57:46 
TT 425 292.3  31.2 292.5  40.7 7.75E-04 001.4 160.9  19.0 0.601080 1.557483 0.994873 hargrave 2016-10-21 11:44:53 
TT 450 289.5  30.9 289.3  40.4 7.52E-04 002.2 158.3  18.9 0.980374 2.487793 0.967278 hargrave 2016-10-28 11:48:21 
TT 475 290.2  30.2 290.2  39.7 7.36E-04 001.6 158.9  18.1 1.185425 1.430917 0.991380 hargrave 2016-11-03 12:24:03 
TT 500 291.7  30.8 291.9  40.3 7.19E-04 002.0 160.4  18.7 0.861854 2.261509 0.850495 hargrave 2016-11-07 12:37:53 
TT 525 287.4  30.6 287.0  40.0 6.97E-04 001.8 156.4  18.8 0.904952 1.832705 0.784916 hargrave 2016-11-08 20:15:39 
TT 550 292.0  30.6 292.2  40.1 6.55E-04 001.0 160.6  18.4 0.510295 0.743989 0.761418 hargrave 2016-11-09 15:34:11 
TT 560 295.6  30.6 296.2  40.1 6.32E-04 002.2 163.8  18.2 0.663545 2.188853 0.919033 hargrave 2016-11-13 21:48:49 
TT 570 292.1  30.2 292.2  39.7 6.06E-04 002.0 160.6  18.0 0.537530 1.628737 1.396408 hargrave 2016-11-14 23:22:56 
TT 575 298.5  30.6 299.5  40.0 5.92E-04 001.4 166.5  18.0 0.625546 1.119476 0.778250 hargrave 2016-11-16 14:16:15 
TT 580 293.0  30.9 293.3  40.4 5.27E-04 001.3 161.5  18.6 0.450462 0.928016 0.688810 hargrave 2016-11-21 14:50:10 
TT 595 294.7  30.3 295.2  39.7 4.91E-04 001.7 163.0  17.9 0.658131 0.526191 1.309093 hargrave 2016-11-23 13:53:27 
TT 610 293.6  30.8 294.0  40.3 4.39E-04 001.7 162.0  18.5 0.357859 1.087604 0.616870 hargrave 2016-11-30 11:08:52 
TT 625 292.9  30.4 293.2  39.9 3.09E-04 001.1 161.4  18.1 0.224615 0.371916 0.460204 hargrave 2016-12-09 15:02:27 
TT 640 292.8  29.7 293.0  39.2 2.55E-04 002.5 161.2  17.4 0.155324 0.753731 0.852018 hargrave 2016-12-13 18:51:47 
TT 655 290.5  29.6 290.5  39.1 1.24E-04 002.3 159.1  17.6 0.146870 0.226635 0.424154 hargrave 2016-12-15 16:33:12 
TT 665 292.5  30.1 292.7  39.6 4.92E-05 002.4 160.9  17.9 0.039946 0.181105 0.118015 hargrave 2016-12-16 18:26:17 
TT 675 302.1  32.0 303.6  41.3 1.66E-05 004.3 169.8  19.2 0.028104 0.118913 0.028780 hargrave 2016-12-22 12:25:09 
TT 680 298.1  30.1 299.0  39.5 1.25E-05 006.4 166.1  17.5 0.035711 0.134394 0.026437 hargrave 2016-12-22 21:43:54 
