AP5- 5a sun compass orientation
   61.4  18.7  28.0  70.3  13.0 1.0
NRM    140.0 -83.1 000.4 -83.0 6.35E-02 002.2 350.6 -67.6 168.4112 196.3989 85.65317 hargrave 2016-04-08 17:17:35
LN2    137.0 -83.9 358.3 -82.2 6.37E-02 001.8 352.6 -67.2 145.7457 138.8210 104.3825 hargrave 2016-04-11 17:40:19
TT 100 144.2 -83.0 357.5 -83.5 6.37E-02 002.2 349.4 -67.4 150.8362 196.4195 86.44456 hargrave 2016-04-18 10:13:45
TT 200 141.0 -83.1 359.5 -83.1 6.43E-02 002.7 350.4 -67.5 183.1214 253.2519 73.05282 hargrave 2016-04-18 17:28:28
TT 300 141.8 -83.6 356.6 -82.8 6.23E-02 001.8 351.0 -67.1 136.3391 141.5317 91.63994 hargrave 2016-04-19 13:17:14
TT 350 145.4 -83.6 354.1 -83.0 5.91E-02 002.6 350.2 -66.9 189.5380 183.6916 123.6664 hargrave 2016-04-25 12:59:38
TT 400 143.9 -82.8 358.6 -83.5 5.68E-02 002.6 349.2 -67.5 174.1592 187.9382 131.2472 hargrave 2016-04-26 09:55:58
TT 450 135.1 -82.2 009.3 -83.2 5.36E-02 002.3 350.5 -68.7 146.5980 147.7073 149.3652 hargrave 2016-04-26 17:25:32
TT 475 127.6 -81.0 022.0 -82.7 5.09E-02 002.0 351.4 -70.3 133.3908 120.3730 174.6787 hargrave 2016-05-02 14:18:09
TT 500 120.9 -79.8 031.9 -81.8 5.03E-02 001.9 353.2 -71.8 111.9912 107.8535 247.0793 hargrave 2016-05-02 20:40:23
TT 525 123.3 -78.9 038.5 -82.2 4.69E-02 002.0 350.8 -72.5 98.54636 120.1330 167.4649 hargrave 2016-05-03 19:34:02
TT 550 118.6 -78.0 044.0 -81.1 4.27E-02 001.5 352.7 -73.7 81.88681 76.87845 56.07893 hargrave 2016-05-12 15:15:39
TT 560 121.6 -78.0 044.6 -81.7 3.69E-02 001.6 350.6 -73.5 76.42509 69.78770 31.16625 hargrave 2016-05-16 12:54:06
TT 570 120.2 -78.2 043.4 -81.5 3.26E-02 001.7 351.8 -73.5 67.58395 69.95972 26.63325 hargrave 2016-05-16 18:53:15
TT 575 119.0 -78.0 044.3 -81.2 2.88E-02 001.6 352.4 -73.7 56.86155 54.86153 24.24105 hargrave 2016-05-17 15:12:09 
TT 580 117.2 -78.5 040.3 -81.0 2.63E-02 001.5 354.1 -73.3 50.94809 47.29742 16.09225 hargrave 2016-05-18 12:04:00
