AP5- 2a sun compass orientation
   60.3 288.2  69.0  70.3  13.0 1.0
NRM    099.0 -70.3 059.8 -72.5 1.87E-02 002.3 338.9 -22.8 15.51052 57.72403 48.06442 hargrave 2016-04-08 17:13:11
LN2    100.3 -71.6 057.9 -73.8 1.67E-02 002.3 340.3 -22.4 13.75055 52.17389 42.57555 hargrave 2016-04-11 17:34:03
TT 100 099.8 -71.3 058.4 -73.4 1.66E-02 002.3 339.9 -22.5 13.27526 46.41152 48.22408 hargrave 2016-04-18 10:09:26
TT 200 099.6 -72.2 055.8 -74.0 1.67E-02 001.9 340.9 -22.6 21.79218 14.85778 48.83739 hargrave 2016-04-18 17:24:56
TT 300 098.2 -72.8 053.3 -74.1 1.69E-02 002.0 341.5 -23.0 14.04018 31.02603 48.08774 hargrave 2016-04-19 13:12:13
TT 350 098.8 -71.7 056.4 -73.5 1.68E-02 002.0 340.4 -22.8 21.04270 29.05085 48.22810 hargrave 2016-04-25 12:55:15
TT 400 097.1 -72.4 053.5 -73.6 1.60E-02 002.0 341.1 -23.3 24.71540 17.50244 46.43085 hargrave 2016-04-26 09:51:31
TT 450 097.7 -70.2 059.0 -72.2 1.43E-02 002.2 338.8 -23.2 16.20298 29.89302 44.76963 hargrave 2016-04-26 17:21:07
TT 475 096.1 -72.1 053.5 -73.2 1.28E-02 002.4 340.8 -23.6 14.07183 28.77006 44.55478 hargrave 2016-05-02 14:13:41
TT 500 095.5 -73.8 048.7 -74.2 1.17E-02 002.6 342.7 -23.7 11.38132 42.50379 31.54188 hargrave 2016-05-02 20:36:00
TT 525 093.9 -74.4 046.0 -74.3 9.77E-03 002.9 343.4 -24.0 10.38696 39.24348 29.84036 hargrave 2016-05-03 19:29:38
TT 550 094.6 -72.0 052.5 -72.8 6.20E-03 002.0 340.8 -24.1 7.242766 11.98079 17.48580 hargrave 2016-05-12 15:11:14
TT 560 087.8 -71.6 048.4 -71.1 4.22E-03 001.7 340.7 -26.3 5.568839 4.621000 11.43011 hargrave 2016-05-16 12:49:36
TT 570 089.8 -70.9 051.3 -70.9 3.40E-03 002.2 339.8 -25.8 4.630302 8.058272 9.639228 hargrave 2016-05-16 18:48:51
TT 575 087.1 -67.7 054.7 -67.8 3.08E-03 002.4 336.5 -27.3 3.942888 9.391988 8.699509 hargrave 2016-05-17 15:07:45 
TT 580 089.5 -70.4 052.1 -70.5 2.85E-03 002.2 339.3 -26.0 5.875526 3.004366 8.832043 hargrave 2016-05-18 11:59:37
