AP5- 8a sun compass orientation
   64.4 168.7  16.0  70.3  13.0 1.0
NRM    102.6 -65.8 071.6 -69.7 9.40E-03 001.7 015.2 -50.7 9.685255 26.56191 5.432725 hargrave 2016-04-08 17:22:47
LN2    105.1 -66.1 073.7 -70.5 9.05E-03 002.2 016.7 -51.1 9.592211 34.00119 5.965019 hargrave 2016-04-11 17:45:25
TT 100 109.9 -66.4 078.2 -71.9 9.29E-03 001.8 019.6 -51.9 10.64368 26.90962 3.255459 hargrave 2016-04-18 10:18:11
TT 200 113.2 -69.1 075.9 -74.8 1.02E-02 001.4 020.5 -54.8 10.91255 22.93372 4.784193 hargrave 2016-04-18 17:32:50
TT 300 116.1 -70.1 076.6 -76.2 1.03E-02 001.6 021.7 -56.0 12.85864 26.09554 5.321014 hargrave 2016-04-19 13:21:31
TT 350 119.6 -69.3 082.8 -76.3 9.75E-03 001.5 024.2 -55.6 15.52537 19.32432 7.828228 hargrave 2016-04-25 13:04:46
TT 400 120.8 -69.8 082.9 -77.0 9.06E-03 003.9 024.7 -56.2 23.03095 57.47012 9.083508 hargrave 2016-04-26 10:01:59
TT 450 113.6 -70.5 073.0 -75.9 7.87E-03 001.5 020.1 -56.1 13.72166 15.64295 4.756476 hargrave 2016-04-26 17:31:30
TT 475 115.6 -70.7 074.4 -76.5 6.95E-03 002.5 021.1 -56.5 16.30183 26.12711 2.789435 hargrave 2016-05-02 14:23:15
TT 500 118.2 -70.4 078.2 -76.9 6.09E-03 002.4 022.8 -56.5 11.58769 22.87983 3.528142 hargrave 2016-05-02 20:47:12
TT 525 122.2 -71.2 080.1 -78.3 4.71E-03 001.5 024.5 -57.7 8.170762 10.06586 1.800468 hargrave 2016-05-03 19:39:11
TT 550 118.2 -71.6 074.4 -77.7 3.02E-03 001.3 022.1 -57.6 4.687197 5.175061 1.852969 hargrave 2016-05-12 15:20:47
TT 560 119.1 -72.2 073.0 -78.4 2.29E-03 001.8 022.1 -58.4 3.628018 6.373471 1.769058 hargrave 2016-05-16 12:59:19
TT 570 117.5 -72.2 071.5 -78.0 1.95E-03 001.8 021.3 -58.2 3.037807 5.202304 1.496354 hargrave 2016-05-16 18:58:22
TT 575 118.5 -71.1 076.4 -77.4 1.70E-03 001.6 022.6 -57.2 2.678307 4.124410 1.319263 hargrave 2016-05-17 15:17:15 
TT 580 121.2 -71.2 079.1 -78.1 1.54E-03 001.2 024.0 -57.6 2.424199 2.484856 0.629603 hargrave 2016-05-18 12:10:51
