AP5- 7a mag compass orientation (IGRF corrected)
   61.9 227.3  12.0  70.3  13.0 1.0
NRM    090.1 -77.7 033.5 -75.5 2.82E-02 001.2 335.6 -67.8 39.93689 41.44333 23.51128 hargrave 2016-04-08 17:20:50
LN2    098.0 -78.2 035.1 -77.2 2.73E-02 001.2 340.1 -67.6 39.10089 39.39674 18.88966 hargrave 2016-04-11 17:43:29
TT 100 097.5 -77.8 036.6 -76.9 2.71E-02 002.0 339.5 -67.3 44.39517 84.53049 18.72486 hargrave 2016-04-18 10:16:27
TT 200 102.7 -78.2 036.9 -78.1 2.69E-02 002.7 342.5 -67.3 71.49962 104.8907 23.47116 hargrave 2016-04-18 17:31:09
TT 300 090.0 -78.0 032.5 -75.7 2.60E-02 001.6 335.9 -68.0 35.93623 63.07557 23.27611 hargrave 2016-04-19 13:19:48
TT 350 082.9 -77.3 031.5 -74.0 2.54E-02 003.3 331.4 -68.0 63.95510 131.4392 30.41457 hargrave 2016-04-25 13:02:49
TT 400 088.2 -78.8 029.1 -75.7 2.40E-02 001.8 335.9 -68.9 47.35288 57.33569 26.36387 hargrave 2016-04-26 09:59:10
TT 450 089.1 -77.8 032.7 -75.4 1.99E-02 002.0 335.3 -68.0 39.15422 56.43930 24.74113 hargrave 2016-04-26 17:29:33
TT 475 101.8 -79.3 031.5 -78.3 1.59E-02 002.7 343.0 -68.4 51.63182 50.18930 16.07090 hargrave 2016-05-02 14:21:19
TT 500 090.5 -77.6 034.1 -75.5 1.35E-02 001.6 335.7 -67.6 24.72804 26.30078 15.61901 hargrave 2016-05-02 20:45:16
TT 525 083.2 -76.8 033.1 -73.7 1.07E-02 001.7 330.9 -67.6 19.53139 25.07836 12.61790 hargrave 2016-05-03 19:37:13
TT 550 089.0 -77.8 032.8 -75.4 7.62E-03 001.5 335.1 -67.9 14.64514 13.37932 8.822894 hargrave 2016-05-12 15:18:50
TT 560 088.1 -77.4 033.5 -75.0 6.35E-03 001.6 334.3 -67.7 12.70227 11.27339 8.384471 hargrave 2016-05-16 12:57:22
TT 570 093.6 -78.0 034.1 -76.3 5.61E-03 001.9 337.7 -67.7 11.47946 14.21150 7.028608 hargrave 2016-05-16 18:56:25
TT 575 092.6 -78.2 033.1 -76.2 4.95E-03 001.5 337.4 -68.0 8.927251 9.329679 6.270219 hargrave 2016-05-17 15:15:18 
TT 580 092.0 -77.1 036.4 -75.6 4.54E-03 001.6 336.0 -67.1 9.809368 7.897240 4.520938 hargrave 2016-05-18 12:08:55
