GB20- 8a mag compass orientation (IGRF corrected)
    265  10.5  18.0  20.7   9.5   1.0
NRM    304.6  38.0 306.8  47.2 4.45E-03 001.7 033.0  53.9 7.900706 9.602477 5.431098 hargrave 2016-09-01 11:47:27 
LTD    302.4  37.8 304.2  47.0 4.37E-03 002.2 030.1  54.0 9.627972 12.34171 5.996213 hargrave 2016-11-10 10:39:18 
TT 100 305.7  38.4 308.2  47.5 4.37E-03 001.7 034.7  54.1 10.17584 7.724274 5.241772 hargrave 2016-11-16 18:54:27 
TT 200 306.2  37.9 308.7  47.0 4.32E-03 002.0 035.1  53.5 11.76105 8.192851 4.981596 hargrave 2016-11-22 12:34:55 
TT 300 302.1  37.2 303.9  46.5 3.98E-03 002.3 029.6  53.5 7.371656 13.85723 4.972332 hargrave 2016-12-09 23:56:17 
TT 350 303.8  36.9 305.8  46.1 3.62E-03 001.8 031.6  52.9 7.736133 9.791551 3.681817 hargrave 2016-12-17 14:32:54 
TT 400 306.2  37.3 308.7  46.4 3.47E-03 002.0 035.0  53.0 9.193409 7.317215 4.004081 hargrave 2017-01-05 12:58:31 
TT 425 304.3  37.0 306.4  46.2 3.40E-03 002.0 032.3  52.9 6.740418 8.913752 4.540541 hargrave 2017-01-06 16:28:14 
TT 450 305.6  37.3 308.0  46.5 3.33E-03 002.4 034.1  53.1 9.213907 10.39662 3.861416 hargrave 2017-01-09 17:33:01 
TT 475 305.2  37.0 307.5  46.2 3.24E-03 001.8 033.5  52.8 7.141829 6.916881 3.719072 hargrave 2017-01-11 11:12:52 
TT 500 305.2  37.3 307.6  46.4 3.15E-03 001.6 033.7  53.1 5.857941 5.392549 4.378718 hargrave 2017-01-11 20:07:36 
TT 525 305.1  37.9 307.5  47.1 3.03E-03 002.8 033.7  53.7 11.71386 8.005784 4.576285 hargrave 2017-01-15 19:41:08 
TT 550 304.5  37.6 306.7  46.8 2.88E-03 003.7 032.8  53.5 14.46879 10.99374 4.415713 hargrave 2017-01-18 15:20:43 
TT 560 304.2  37.4 306.3  46.6 2.75E-03 003.1 032.3  53.4 12.26947 7.310290 4.569425 hargrave 2017-01-19 01:52:48 
TT 570 304.6  37.5 306.9  46.7 2.60E-03 002.7 033.0  53.4 9.974762 6.319108 3.737429 hargrave 2017-01-19 16:45:54 
TT 575 304.1  37.7 306.3  46.9 2.48E-03 002.2 032.4  53.7 7.492735 4.820399 3.315802 hargrave 2017-01-20 18:02:41 
TT 580 305.0  37.8 307.3  46.9 2.38E-03 002.6 033.5  53.6 9.159658 4.594347 4.104061 hargrave 2017-01-22 14:10:07 
TT 595 303.1  37.9 305.1  47.1 2.08E-03 002.6 031.1  54.0 4.152272 7.538348 3.870005 hargrave 2017-02-01 16:58:48 
TT 610 302.6  37.0 304.5  46.3 1.38E-03 002.2 030.2  53.3 3.141489 3.771562 2.219928 hargrave 2017-02-02 15:52:49 
TT 625 303.1  35.9 305.0  45.1 3.84E-04 003.0 030.4  52.1 0.819699 1.701429 0.772587 hargrave 2017-02-06 14:37:32 
TT 640 302.2  37.9 304.1  47.1 3.26E-04 002.7 029.9  54.1 0.688020 1.249846 0.543233 hargrave 2017-02-08 13:02:19 
TT 655 301.8  35.3 303.4  44.6 2.99E-04 002.1 028.6  51.7 0.788580 0.638225 0.510891 hargrave 2017-02-08 22:28:59 
TT 665 301.9  36.2 303.6  45.5 2.46E-04 002.4 029.0  52.6 0.478009 0.809427 0.432277 hargrave 2017-02-09 15:39:56 
TT 675 300.7  37.0 302.3  46.3 1.93E-04 002.0 027.6  53.5 0.481956 0.373697 0.358664 hargrave 2017-02-13 18:27:15 
TT 680 309.5  39.1 312.7  48.0 7.27E-05 003.2 039.9  54.1 0.153391 0.349192 0.156011 hargrave 2017-02-15 09:00:58 
