GB20- 5a mag compass orientation (IGRF corrected)
 264.85 319.5  18.0  20.7   9.5   1.0
NRM    301.4  34.3 302.9  43.6 5.15E-03 001.5 084.9  38.0 11.66630 5.689046 4.428042 hargrave 2016-09-01 11:42:24 
LTD    300.5  35.1 302.0  44.5 5.10E-03 001.6 084.5  39.0 10.24498 7.073248 6.594917 hargrave 2016-11-10 10:34:00 
TT 100 300.0  34.8 301.3  44.2 5.09E-03 003.6 083.8  38.9 30.33620 8.453494 5.781484 hargrave 2016-11-16 18:49:13 
TT 200 301.7  34.8 303.3  44.1 5.09E-03 001.9 085.4  38.3 14.23549 7.372331 5.254138 hargrave 2016-11-22 12:30:22 
TT 300 301.2  34.5 302.7  43.9 4.92E-03 002.0 084.8  38.3 15.48782 7.753028 4.754944 hargrave 2016-12-09 23:49:22 
TT 350 298.6  33.6 299.7  43.0 4.38E-03 001.8 081.9  38.2 9.659211 6.926795 6.787474 hargrave 2016-12-17 14:26:55 
TT 400 300.7  33.2 302.1  42.6 4.24E-03 001.4 083.7  37.2 6.217422 4.331905 7.138188 hargrave 2017-01-05 12:51:22 
TT 425 302.3  33.8 303.9  43.1 4.13E-03 001.5 085.6  37.3 7.808741 4.760078 6.792141 hargrave 2017-01-06 16:22:04 
TT 450 300.9  33.2 302.3  42.5 4.03E-03 001.3 083.9  37.1 5.735849 4.365548 5.616632 hargrave 2017-01-09 17:25:58 
TT 475 302.4  33.5 304.0  42.7 3.93E-03 002.0 085.4  36.9 12.09887 4.369361 4.757475 hargrave 2017-01-11 11:07:40 
TT 500 299.6  33.2 300.8  42.6 3.82E-03 003.8 082.6  37.5 23.82292 7.218815 6.394976 hargrave 2017-01-11 20:01:56 
TT 525 299.9  34.3 301.3  43.7 3.71E-03 002.7 083.5  38.5 15.57832 5.361668 6.173080 hargrave 2017-01-15 19:33:24 
TT 550 300.5  34.3 301.9  43.7 3.53E-03 002.5 084.1  38.3 13.70768 5.392020 4.490267 hargrave 2017-01-18 15:13:33 
TT 560 301.4  34.6 303.0  43.9 3.37E-03 002.9 085.1  38.3 15.67665 5.252624 4.443825 hargrave 2017-01-19 01:45:53 
TT 570 303.2  35.3 305.1  44.5 3.19E-03 002.3 087.2  38.3 11.69654 4.921885 3.653423 hargrave 2017-01-19 16:38:48 
TT 575 302.0  34.7 303.7  44.0 3.03E-03 003.2 085.7  38.1 15.70597 5.181980 3.556811 hargrave 2017-01-20 17:58:00 
TT 580 301.7  34.8 303.3  44.1 2.88E-03 002.3 085.4  38.3 10.23821 4.476401 3.697093 hargrave 2017-01-22 14:03:06 
TT 595 301.1  35.1 302.6  44.4 2.56E-03 002.7 085.0  38.8 10.78891 3.835630 3.805594 hargrave 2017-02-01 16:53:59 
TT 610 303.7  35.7 305.7  45.0 1.70E-03 001.5 087.8  38.6 3.184271 2.464978 2.130975 hargrave 2017-02-02 15:47:59 
TT 625 302.1  34.1 303.7  43.4 2.77E-04 003.7 085.5  37.6 1.695014 0.347405 0.397783 hargrave 2017-02-06 14:33:37 
TT 640 305.2  36.4 307.4  45.6 2.04E-04 003.5 089.6  38.8 1.197169 0.272889 0.299750 hargrave 2017-02-08 12:56:46 
TT 655 296.8  34.8 297.7  44.2 1.57E-04 003.3 080.7  39.8 0.859409 0.198104 0.218305 hargrave 2017-02-08 22:23:08 
TT 665 303.3  37.9 305.3  47.1 1.22E-04 002.3 088.5  40.7 0.412287 0.196824 0.186310 hargrave 2017-02-09 15:35:11 
TT 675 300.9  37.9 302.6  47.2 9.55E-05 003.0 086.2  41.4 0.465400 0.150204 0.155656 hargrave 2017-02-13 18:20:23 
TT 680 305.4  34.5 307.5  43.7 6.45E-05 006.0 088.8  37.0 0.666420 0.089142 0.118187 hargrave 2017-02-14 23:01:02 
