GB20- 7a mag compass orientation (IGRF corrected)
  264.7  54.5   7.0  20.7   9.5   1.0
NRM    296.9  39.3 298.0  48.7 1.81E-03 002.6 329.3  45.4 6.132828 2.704812 5.023950 hargrave 2016-09-01 11:45:49 
LTD    295.1  39.0 295.8  48.4 1.75E-03 001.4 327.3  45.0 2.316107 3.642513 1.348748 hargrave 2016-11-10 10:37:38 
TT 100 300.1  38.4 301.6  47.8 1.75E-03 001.7 332.9  44.7 4.037497 3.344273 2.104740 hargrave 2016-11-16 18:52:56 
TT 200 299.8  38.2 301.3  47.5 1.75E-03 002.3 332.6  44.5 4.812627 4.916596 2.133617 hargrave 2016-11-22 12:33:22 
TT 300 299.0  37.4 300.4  46.8 1.71E-03 001.8 331.8  43.7 4.336606 3.232263 2.249103 hargrave 2016-12-09 23:54:49 
TT 350 298.3  37.7 299.5  47.1 1.63E-03 003.1 331.0  43.9 3.456028 7.637585 2.498998 hargrave 2016-12-17 14:30:57 
TT 400 297.9  37.9 299.1  47.3 1.60E-03 002.7 330.6  44.1 5.528939 4.826356 1.912695 hargrave 2017-01-05 12:56:54 
TT 425 299.1  37.9 300.5  47.3 1.56E-03 003.3 331.8  44.2 7.506416 3.713989 4.159592 hargrave 2017-01-06 16:26:44 
TT 450 300.2  37.9 301.8  47.3 1.52E-03 002.8 333.1  44.2 5.736613 4.023030 3.035012 hargrave 2017-01-09 17:31:31 
TT 475 297.9  37.7 299.1  47.1 1.46E-03 002.8 330.6  43.9 5.616847 4.219954 2.263902 hargrave 2017-01-11 11:11:33 
TT 500 297.4  37.8 298.5  47.2 1.39E-03 002.7 330.0  43.9 5.570183 2.608648 2.885037 hargrave 2017-01-11 20:06:25 
TT 525 296.6  37.2 297.5  46.6 1.29E-03 002.4 329.2  43.3 3.415810 4.181265 1.169562 hargrave 2017-01-15 19:39:40 
TT 550 296.8  37.2 297.7  46.6 1.13E-03 001.6 329.4  43.3 1.863454 2.401094 0.974252 hargrave 2017-01-18 15:19:08 
TT 560 298.2  37.2 299.4  46.6 1.00E-03 002.4 330.9  43.4 2.511734 3.291583 0.884627 hargrave 2017-01-19 01:51:19 
TT 570 297.4  37.1 298.5  46.5 8.72E-04 001.5 330.1  43.3 1.401758 1.775368 0.655649 hargrave 2017-01-19 16:44:17 
TT 575 300.0  37.4 301.5  46.8 8.12E-04 002.2 332.8  43.7 2.006501 2.339569 0.938557 hargrave 2017-01-20 18:01:10 
TT 580 298.3  37.5 299.5  46.9 7.65E-04 002.0 331.0  43.7 1.717142 1.989864 0.766587 hargrave 2017-01-22 14:08:37 
TT 595 299.1  37.2 300.5  46.6 6.55E-04 003.4 332.0  43.5 1.985003 3.297113 0.646659 hargrave 2017-02-01 16:57:11 
TT 610 297.9  37.2 299.1  46.6 5.56E-04 001.7 330.6  43.4 0.987413 1.395617 0.407880 hargrave 2017-02-02 15:51:12 
TT 625 301.0  37.1 302.6  46.5 4.87E-04 001.3 334.0  43.5 0.711359 0.892121 0.440492 hargrave 2017-02-06 14:36:13 
TT 640 296.7  37.5 297.6  47.0 4.36E-04 002.8 329.2  43.6 0.900512 1.933436 0.309378 hargrave 2017-02-08 13:01:02 
TT 655 301.3  36.9 303.0  46.3 3.93E-04 001.2 334.3  43.3 0.604604 0.626503 0.271495 hargrave 2017-02-08 22:27:41 
TT 665 298.7  37.5 300.0  46.9 3.23E-04 001.4 331.4  43.7 0.545550 0.618409 0.299871 hargrave 2017-02-09 15:38:32 
TT 675 298.1  37.3 299.3  46.7 2.52E-04 001.5 330.9  43.5 0.456786 0.436996 0.280373 hargrave 2017-02-13 18:25:35 
TT 680 304.2  35.8 306.2  45.0 4.88E-05 004.7 337.6  42.4 0.128434 0.381251 0.061000 hargrave 2017-02-14 23:06:19 
