GB20- 4a mag compass orientation (IGRF corrected)
 264.45 258.5   8.0  20.7   9.5   1.0
NRM    289.0  35.0 288.7  44.5 1.38E-03 004.1 124.8  30.7 6.989724 6.580724 2.931305 hargrave 2016-09-01 11:40:42 
LTD    287.3  35.4 286.8  44.9 1.35E-03 001.8 123.4  31.3 3.063600 2.451273 1.855321 hargrave 2016-11-10 10:31:25 
TT 100 288.9  34.6 288.6  44.1 1.34E-03 002.3 124.7  30.3 4.413439 2.889680 1.523381 hargrave 2016-11-16 18:47:46 
TT 200 291.9  34.9 292.1  44.4 1.33E-03 003.9 127.6  30.2 6.991174 5.550241 1.791001 hargrave 2016-11-22 12:28:55 
TT 300 279.2  33.2 277.6  42.5 1.31E-03 001.3 115.3  30.1 1.894786 1.684073 1.941022 hargrave 2016-12-09 23:46:40 
TT 350 289.4  33.5 289.2  43.0 1.26E-03 002.4 125.0  29.1 3.849280 3.107118 2.181847 hargrave 2016-12-17 14:24:28 
TT 400 289.3  33.3 289.1  42.8 1.24E-03 002.3 124.8  28.9 3.074465 3.185658 2.540928 hargrave 2017-01-05 12:49:26 
TT 425 290.4  33.4 290.4  42.9 1.21E-03 002.1 125.9  29.0 3.298678 1.462662 2.621491 hargrave 2017-01-06 16:20:11 
TT 450 288.8  33.1 288.5  42.6 1.19E-03 001.7 124.4  28.8 2.322769 1.052098 2.395177 hargrave 2017-01-09 17:24:06 
TT 475 291.5  33.7 291.7  43.2 1.16E-03 002.0 127.0  29.1 2.761558 1.168619 2.820095 hargrave 2017-01-11 11:06:06 
TT 500 290.2  33.4 290.1  42.9 1.13E-03 001.8 125.7  28.9 1.691667 1.945339 2.411700 hargrave 2017-01-11 20:00:22 
TT 525 290.0  34.5 289.8  44.0 1.08E-03 002.6 125.7  30.1 3.928024 2.462326 1.816223 hargrave 2017-01-15 19:31:28 
TT 550 288.7  34.5 288.4  44.0 9.78E-04 001.6 124.5  30.2 1.852302 1.378580 1.584663 hargrave 2017-01-18 15:11:41 
TT 560 290.5  34.9 290.4  44.4 8.84E-04 001.8 126.2  30.4 1.942771 1.173125 1.530258 hargrave 2017-01-19 01:43:10 
TT 570 288.0  34.4 287.6  43.9 7.34E-04 003.7 123.8  30.2 3.617775 2.826233 1.174520 hargrave 2017-01-19 16:36:57 
TT 575 291.9  35.1 292.1  44.6 6.16E-04 003.2 127.6  30.4 2.713546 1.768003 1.132797 hargrave 2017-01-20 17:56:30 
TT 580 290.3  34.9 290.3  44.4 5.41E-04 001.6 126.1  30.5 1.088757 0.646332 0.908276 hargrave 2017-01-22 14:00:24 
TT 595 287.0  34.8 286.5  44.3 4.46E-04 001.6 123.0  30.7 0.815941 0.549917 0.762910 hargrave 2017-02-01 16:52:07 
TT 610 291.7  35.4 291.9  44.8 3.40E-04 001.9 127.5  30.7 0.777483 0.623416 0.542624 hargrave 2017-02-02 15:46:07 
TT 625 289.7  35.1 289.5  44.6 2.48E-04 001.8 125.5  30.7 0.569207 0.353859 0.401709 hargrave 2017-02-06 14:31:58 
TT 640 290.3  35.9 290.2  45.4 1.85E-04 002.2 126.2  31.4 0.655014 0.259214 0.325595 hargrave 2017-02-08 12:55:30 
TT 655 288.1  35.5 287.7  45.0 1.29E-04 002.5 124.0  31.3 0.409283 0.349402 0.237326 hargrave 2017-02-08 22:21:47 
TT 665 293.2  36.2 293.6  45.7 9.62E-05 001.9 129.0  31.4 0.212821 0.215952 0.189035 hargrave 2017-02-09 15:33:44 
TT 675 288.5  35.0 288.1  44.5 7.31E-05 003.4 124.4  30.7 0.374431 0.195548 0.147443 hargrave 2017-02-13 18:18:48 
TT 680 292.7  35.1 293.0  44.6 4.77E-05 004.0 128.3  30.3 0.287853 0.159737 0.114157 hargrave 2017-02-14 22:59:23 
