Puf2- 4a sun compass orientation
    5.1 241.2  19.0  69.1  11.0 1.0
NRM    289.3  20.2 285.5  27.1 2.59E-03 003.3 140.9  05.7 8.753880 11.41753 4.540138 hargrave 2016-04-08 17:48:17
LN2    289.2  20.1 285.4  26.9 2.57E-03 001.7 140.9  05.6 3.609745 4.677911 4.605496 hargrave 2016-04-11 18:10:34
TT 100 291.5  19.7 287.9  26.9 2.50E-03 003.1 142.9  04.8 7.348971 10.31730 4.937210 hargrave 2016-04-18 10:41:10
TT 200 289.3  17.2 286.1  24.1 2.43E-03 001.6 140.3  02.7 2.663497 3.632135 5.217324 hargrave 2016-04-18 17:53:42
TT 300 290.6  16.6 287.5  23.6 2.31E-03 002.5 141.4  01.9 5.120647 6.436536 5.729401 hargrave 2016-04-19 13:40:51
TT 350 291.3  16.5 288.2  23.6 2.16E-03 003.5 142.0  01.6 7.780904 9.828927 4.509283 hargrave 2016-04-25 13:29:06
TT 400 291.4  16.0 288.5  23.2 1.90E-03 001.6 142.0  01.2 2.185159 3.009495 4.074611 hargrave 2016-04-26 10:26:28
TT 450 290.5  15.5 287.6  22.6 1.69E-03 002.7 141.1  00.9 4.522516 5.596375 3.778318 hargrave 2016-04-26 17:55:05
TT 475 291.3  15.5 288.4  22.7 1.57E-03 002.4 141.8  00.7 3.147697 3.887591 4.218758 hargrave 2016-05-02 14:47:45
TT 500 291.0  15.4 288.1  22.5 1.45E-03 002.8 141.5  00.6 4.067023 5.037145 3.179857 hargrave 2016-05-02 21:10:02
TT 525 294.0  16.0 291.2  23.6 1.28E-03 001.5 144.5  00.6 0.969602 1.162170 3.047657 hargrave 2016-05-03 20:05:30
TT 550 290.2  15.1 287.4  22.1 1.04E-03 003.0 140.7  00.5 2.999302 3.637706 2.682603 hargrave 2016-05-12 15:45:32
TT 560 290.3  15.4 287.4  22.5 8.80E-04 002.7 140.9  00.8 2.309050 2.725654 2.074804 hargrave 2016-05-16 13:23:50
TT 570 292.5  15.7 289.6  23.1 7.88E-04 003.7 143.0  00.6 2.804292 3.704353 2.137202 hargrave 2016-05-16 19:26:10
TT 575 289.7  15.4 286.7  22.4 7.43E-04 005.3 140.3  00.9 4.305421 5.117548 1.749036 hargrave 2016-05-17 15:41:50 
TT 580 292.3  15.9 289.3  23.2 7.01E-04 001.5 142.8  00.9 0.569824 0.590317 1.665804 hargrave 2016-05-18 12:33:30
