Puf2- 1a mag compass orientation (IGRF corrected)
      5 335.1  54.0  69.1  11.0 1.0
NRM    300.9  24.0 297.1  32.4 2.20E-03 001.4 092.1  40.8 4.109168 2.867196 2.222668 hargrave 2016-04-08 17:40:15
LN2    301.2  24.3 297.3  32.7 2.18E-03 001.2 092.5  40.8 3.434798 2.688518 2.207675 hargrave 2016-04-11 18:03:24
TT 100 300.1  21.8 296.5  30.2 2.17E-03 001.5 089.1  40.5 4.709566 2.703943 2.235007 hargrave 2016-04-18 10:34:53
TT 200 299.1  19.3 295.9  27.6 2.15E-03 001.8 085.6  40.0 6.284363 2.483955 2.012033 hargrave 2016-04-18 17:48:21
TT 300 300.0  20.1 296.7  28.5 2.06E-03 001.4 087.1  39.7 4.032274 2.393543 2.058078 hargrave 2016-04-19 13:35:34
TT 350 299.3  18.9 296.2  27.2 1.91E-03 002.8 085.3  39.7 8.241659 3.201511 2.801012 hargrave 2016-04-25 13:21:54
TT 400 299.4  19.1 296.3  27.4 1.72E-03 004.8 085.6  39.7 13.76505 3.298499 2.371147 hargrave 2016-04-26 10:19:14
TT 450 299.4  18.8 296.3  27.1 1.59E-03 003.4 085.3  39.5 9.175208 1.876642 1.957795 hargrave 2016-04-26 17:47:48
TT 475 300.6  20.2 297.3  28.6 1.51E-03 001.3 087.5  39.3 2.509493 1.986348 1.587264 hargrave 2016-05-02 14:40:28
TT 500 300.1  19.4 297.0  27.8 1.42E-03 001.5 086.4  39.3 2.694983 2.091430 1.808944 hargrave 2016-05-02 21:02:50
TT 525 301.0  21.2 297.7  29.6 1.30E-03 003.3 088.9  39.4 7.014371 2.256944 1.724913 hargrave 2016-05-03 19:58:14
TT 550 300.8  21.3 297.4  29.7 1.13E-03 002.8 088.9  39.6 4.935440 1.819114 1.578166 hargrave 2016-05-12 15:38:18
TT 560 299.8  19.6 296.6  27.9 1.01E-03 001.6 086.4  39.6 1.995629 1.542422 1.305946 hargrave 2016-05-16 13:16:30
TT 570 299.8  19.7 296.6  28.0 9.43E-04 001.7 086.5  39.7 2.091694 1.511665 1.289725 hargrave 2016-05-16 19:18:09
TT 575 300.4  20.5 297.1  28.9 8.92E-04 001.5 087.8  39.6 1.661795 1.305484 1.120303 hargrave 2016-05-17 15:34:31 
TT 580 300.6  21.1 297.2  29.5 8.59E-04 002.2 088.6  39.8 2.920488 1.368794 1.113299 hargrave 2016-05-18 12:26:20
