Puf2- 2a mag compass orientation (IGRF corrected)
    4.9  67.1  27.0  69.1  11.0 1.0
NRM    300.4  22.0 296.9  30.4 2.89E-03 002.1 311.7  42.2 6.857870 7.707065 2.216758 hargrave 2016-04-08 17:42:08
LN2    300.4  21.9 297.0  30.3 2.87E-03 002.4 311.7  42.1 8.060782 8.477364 2.252592 hargrave 2016-04-11 18:05:17
TT 100 300.6  21.1 297.3  29.5 2.88E-03 003.3 312.3  41.4 11.69809 11.59994 2.664339 hargrave 2016-04-18 10:36:28
TT 200 298.2  19.6 294.9  27.8 2.86E-03 003.8 310.2  39.2 13.77162 12.52296 2.513559 hargrave 2016-04-18 17:49:57
TT 300 300.8  17.7 298.0  26.2 2.77E-03 002.4 314.1  38.3 8.080576 7.614670 2.738171 hargrave 2016-04-19 13:37:08
TT 350 300.2  18.0 297.2  26.4 2.58E-03 002.9 313.2  38.3 8.788388 9.168949 3.113254 hargrave 2016-04-25 13:23:47
TT 400 298.4  18.2 295.3  26.4 2.32E-03 001.8 311.1  38.0 4.783095 4.958624 2.456668 hargrave 2016-04-26 10:21:07
TT 450 298.5  17.9 295.5  26.1 2.12E-03 001.1 311.4  37.7 2.558888 2.822828 2.117785 hargrave 2016-04-26 17:49:41
TT 475 299.7  17.3 296.9  25.7 2.00E-03 002.0 313.0  37.6 5.092109 4.447423 2.026465 hargrave 2016-05-02 14:42:21
TT 500 299.3  17.7 296.4  26.0 1.85E-03 002.3 312.4  37.8 5.151773 5.159868 1.747698 hargrave 2016-05-02 21:04:43
TT 525 300.1  17.3 297.3  25.7 1.66E-03 001.1 313.5  37.7 2.190604 2.245995 1.545519 hargrave 2016-05-03 20:00:06
TT 550 298.1  18.2 295.1  26.3 1.33E-03 002.2 310.8  37.8 3.726127 3.487956 1.271304 hargrave 2016-05-12 15:40:12
TT 560 300.2  17.6 297.4  26.0 1.10E-03 002.1 313.5  38.0 2.552593 3.040983 1.056512 hargrave 2016-05-16 13:18:27
TT 570 299.1  18.1 296.1  26.3 9.96E-04 001.6 312.0  38.1 1.742602 2.096762 0.891094 hargrave 2016-05-16 19:20:01
TT 575 298.8  18.5 295.8  26.7 9.40E-04 002.2 311.5  38.4 2.479742 2.491759 0.898392 hargrave 2016-05-17 15:36:24 
TT 580 300.7  17.8 297.8  26.2 9.01E-04 002.0 313.9  38.3 1.967001 2.255747 0.948584 hargrave 2016-05-18 12:28:12
