GB6- 10a sun compass orientation
   82.3 349.8  58.0  20.7   9.5   1.0
NRM    279.9  37.7 278.1  47.0 2.70E-02 003.0 114.6  72.6 128.3131 53.01906 23.37695 hargrave 2016-08-17 17:49:56 
NRM    279.7  37.5 278.0  46.8 2.70E-02 002.8 114.1  72.8 119.2159 52.50954 24.10420 hargrave 2016-08-17 20:39:02 
LN2    280.0  38.4 278.2  47.7 2.61E-02 003.1 116.9  72.4 131.1726 53.84606 17.20424 hargrave 2016-08-19 19:27:47 
TT 100 280.0  38.7 278.2  48.0 2.61E-02 002.2 117.8  72.3 86.94660 46.95227 16.94773 hargrave 2016-08-26 14:50:50 
TT 200 279.6  38.6 277.8  47.9 2.45E-02 002.8 117.8  72.6 112.0697 46.17321 14.60751 hargrave 2016-08-31 18:52:14 
TT 300 280.0  37.7 278.3  47.0 2.17E-02 002.6 114.6  72.5 91.38767 34.23816 14.07359 hargrave 2016-09-01 16:22:02 
TT 350 280.1  38.0 278.4  47.3 2.04E-02 002.6 115.5  72.4 84.88726 33.91534 11.78892 hargrave 2016-09-02 15:44:31 
TT 400 279.3  37.6 277.5  46.9 1.95E-02 001.6 114.8  73.0 37.30639 35.71396 20.88185 hargrave 2016-09-08 11:37:24 
TT 425 278.8  38.3 276.8  47.5 1.92E-02 001.8 117.3  73.3 44.99213 36.30415 24.56640 hargrave 2016-09-09 09:31:05 
TT 450 279.2  38.4 277.3  47.7 1.87E-02 001.5 117.4  72.9 34.09720 34.50177 18.14780 hargrave 2016-09-12 11:44:48 
TT 475 279.3  37.8 277.4  47.0 1.84E-02 001.7 115.3  73.0 41.35931 33.93398 22.28293 hargrave 2016-09-12 22:32:42 
TT 500 279.2  38.4 277.2  47.7 1.80E-02 001.5 117.6  73.0 32.27498 32.34880 15.75437 hargrave 2016-09-15 12:23:10 
TT 525 279.6  37.5 277.8  46.8 1.75E-02 001.5 114.3  72.9 32.28146 32.17088 22.54585 hargrave 2016-09-19 18:47:39 
TT 550 279.2  38.5 277.2  47.8 1.68E-02 001.6 117.8  72.9 33.68857 30.57466 18.21214 hargrave 2016-09-22 17:45:15 
TT 560 279.4  38.0 277.5  47.3 1.66E-02 001.7 116.0  72.9 35.56982 31.46694 18.88374 hargrave 2016-09-29 11:30:19 
TT 570 279.2  38.0 277.4  47.2 1.58E-02 001.7 115.9  73.0 32.15055 31.88082 17.63437 hargrave 2016-10-03 18:19:56 
TT 575 279.2  38.3 277.2  47.6 1.55E-02 001.9 117.2  73.0 35.97081 35.51317 14.44247 hargrave 2016-10-08 15:24:58 
TT 575 279.7  37.7 277.9  47.0 1.55E-02 001.7 114.8  72.7 32.58696 32.68555 15.32556 hargrave 2016-10-10 17:14:09 
TT 580 279.4  37.9 277.6  47.2 1.50E-02 001.6 115.6  72.9 30.11681 29.60501 13.29735 hargrave 2016-10-20 13:07:48 
TT 595 279.4  38.3 277.5  47.5 1.35E-02 002.4 116.8  72.8 49.17514 28.41259 16.53937 hargrave 2016-10-25 01:04:45 
TT 610 279.1  38.1 277.2  47.4 1.10E-02 001.6 116.5  73.1 22.39625 20.66765 7.340550 hargrave 2016-11-07 11:24:54 
TT 625 280.0  39.7 278.1  49.0 3.77E-03 001.6 121.0  72.0 8.269445 6.857292 3.736611 hargrave 2016-11-08 12:45:20 
TT 640 278.3  39.6 276.1  48.8 2.92E-03 001.7 122.0  73.3 6.647283 5.356129 2.940107 hargrave 2016-11-09 11:47:29 
TT 655 279.2  40.2 277.1  49.5 2.65E-03 001.6 123.1  72.4 5.735153 4.747528 0.600571 hargrave 2016-11-10 12:32:34 
TT 665 279.0  40.0 276.9  49.3 2.44E-03 001.8 122.7  72.6 5.914822 5.004984 2.033846 hargrave 2016-11-11 13:27:34 
TT 675 278.9  40.5 276.7  49.8 2.32E-03 001.5 124.5  72.5 4.510500 4.153067 1.569160 hargrave 2016-11-14 20:48:42 
TT 680 279.0  40.3 276.9  49.5 2.12E-03 001.6 123.5  72.5 4.367530 3.951155 1.753233 hargrave 2016-11-15 19:38:21 
