GB6- 1a sun compass orientation
   81.8 294.6  14.0  20.7   9.5   1.0
NRM    318.6  42.3 323.7  50.6 9.17E-03 003.8 123.9  35.5 53.08435 23.22261 17.17423 hargrave 2016-08-17 17:32:57 
NRM    318.6  42.4 323.7  50.6 9.17E-03 003.8 123.9  35.5 53.13329 23.70335 16.83452 hargrave 2016-08-17 20:20:58 
LN2    319.9  42.4 325.2  50.5 9.09E-03 001.9 125.1  35.3 23.71087 10.40358 16.25345 hargrave 2016-08-19 19:09:07 
TT 100 317.5  41.4 322.2  49.7 9.07E-03 001.9 122.7  34.8 24.98065 10.22736 12.97489 hargrave 2016-08-26 14:30:53 
TT 200 318.0  41.1 322.7  49.4 8.18E-03 001.9 123.0  34.5 21.96402 8.542386 13.32418 hargrave 2016-08-31 18:34:15 
TT 300 318.1  41.2 322.9  49.4 6.86E-03 002.0 123.1  34.5 20.01270 8.385442 11.02152 hargrave 2016-09-01 16:03:04 
TT 350 318.3  41.2 323.1  49.4 6.58E-03 001.5 123.3  34.5 12.89578 6.099170 10.44292 hargrave 2016-09-02 15:24:42 
TT 400 314.9  41.1 319.2  49.6 6.10E-03 001.1 120.3  35.0 7.547909 5.636954 7.142812 hargrave 2016-09-08 11:20:14 
TT 425 315.1  41.1 319.4  49.6 6.00E-03 001.4 120.5  35.0 10.66530 7.865222 7.063971 hargrave 2016-09-08 17:28:18 
TT 450 319.0  42.1 324.1  50.2 5.77E-03 001.6 124.2  35.2 9.753381 10.96992 6.281396 hargrave 2016-09-12 11:27:34 
TT 475 316.5  41.7 321.2  50.1 5.55E-03 003.4 121.9  35.3 27.69587 17.37133 5.911571 hargrave 2016-09-12 22:15:09 
TT 500 317.1  41.7 321.8  50.1 5.26E-03 001.4 122.4  35.2 7.454201 7.496827 7.150468 hargrave 2016-09-15 12:09:51 
TT 525 315.5  41.0 319.9  49.5 4.95E-03 001.9 120.8  34.9 13.05480 8.309179 4.850636 hargrave 2016-09-19 18:28:11 
TT 550 317.6  41.4 322.3  49.7 4.56E-03 003.5 122.8  34.8 24.13155 13.31034 5.731500 hargrave 2016-09-22 17:25:19 
TT 560 314.0  40.8 318.1  49.4 4.29E-03 001.3 119.4  35.0 6.666668 3.550530 6.346205 hargrave 2016-09-29 11:11:17 
TT 570 315.9  41.5 320.4  50.0 3.95E-03 001.3 121.3  35.3 6.559479 5.290663 4.655770 hargrave 2016-10-03 18:02:47 
TT 575 320.1  42.1 325.3  50.2 3.75E-03 002.9 125.1  35.0 15.21384 10.79730 3.547159 hargrave 2016-10-08 15:05:37 
TT 575 316.3  41.5 320.9  49.9 3.75E-03 001.3 121.7  35.2 6.064016 4.847132 4.102303 hargrave 2016-10-10 16:57:11 
TT 580 317.3  41.8 322.1  50.1 3.52E-03 001.2 122.7  35.3 5.003899 4.599048 3.338529 hargrave 2016-10-20 12:45:38 
TT 595 318.8  42.3 323.9  50.5 2.86E-03 001.2 124.1  35.4 4.635437 3.541554 2.694683 hargrave 2016-10-25 00:43:13 
TT 610 316.7  41.8 321.3  50.2 1.83E-03 001.1 122.1  35.4 2.628807 1.925276 1.630354 hargrave 2016-11-07 11:06:06 
TT 625 318.0  42.3 322.9  50.5 7.94E-04 001.1 123.4  35.6 1.156945 0.884023 0.588677 hargrave 2016-11-08 12:28:07 
TT 640 319.2  43.5 324.6  51.7 6.48E-04 002.8 124.9  36.5 2.653066 1.748508 0.535516 hargrave 2016-11-09 11:29:57 
TT 655 310.6  40.6 314.2  49.4 5.88E-04 001.7 116.3  35.5 1.478478 0.899942 0.473200 hargrave 2016-11-10 12:12:11 
TT 665 317.0  44.3 322.3  52.6 3.68E-04 002.9 123.3  37.7 1.544203 1.053258 0.320053 hargrave 2016-11-11 13:08:48 
TT 675 316.7  43.6 321.7  52.0 2.67E-04 001.1 122.7  37.1 0.414535 0.369359 0.162592 hargrave 2016-11-14 20:30:46 
TT 680 319.0  44.3 324.5  52.4 2.65E-04 003.1 125.0  37.3 1.210224 0.782909 0.224279 hargrave 2016-11-15 19:17:18 
