GB6- 7a sun compass orientation
  82.15 357.1  17.0  20.7   9.5   1.0
NRM    306.7  37.3 309.2  46.4 2.14E-02 004.2 051.0  49.3 137.9735 64.62473 42.05097 hargrave 2016-08-17 17:45:22 
NRM    307.0  37.4 309.6  46.4 2.13E-02 004.5 051.5  49.3 147.8536 71.61556 41.85518 hargrave 2016-08-17 20:34:27 
LN2    306.9  36.9 309.4  46.0 2.06E-02 003.8 051.1  49.0 120.0982 50.30126 42.21049 hargrave 2016-08-19 19:23:12 
TT 100 308.4  37.5 311.2  46.5 2.06E-02 002.3 053.1  49.1 67.84055 34.38900 37.94009 hargrave 2016-08-26 14:46:16 
TT 200 307.4  37.0 310.0  46.0 1.94E-02 003.4 051.8  48.9 100.8119 39.51374 37.87058 hargrave 2016-08-31 18:47:36 
TT 300 306.8  36.8 309.3  45.8 1.70E-02 002.2 051.0  48.8 54.75467 21.28437 32.41126 hargrave 2016-09-01 16:16:31 
TT 350 306.8  36.8 309.3  45.9 1.65E-02 002.5 051.0  48.9 58.94807 20.96622 34.18820 hargrave 2016-09-02 15:39:52 
TT 400 305.1  37.1 307.3  46.3 1.59E-02 001.4 049.1  49.5 26.57112 24.03410 17.18217 hargrave 2016-09-08 11:31:28 
TT 425 307.1  37.5 309.7  46.6 1.56E-02 001.3 051.7  49.5 24.04527 20.74307 18.62913 hargrave 2016-09-09 09:25:10 
TT 450 306.3  37.0 308.7  46.1 1.52E-02 001.3 050.5  49.2 22.57649 23.13970 13.31420 hargrave 2016-09-12 11:40:14 
TT 475 307.8  37.5 310.6  46.5 1.49E-02 002.6 052.5  49.3 55.82381 34.75346 15.39798 hargrave 2016-09-12 22:27:59 
TT 500 306.8  37.3 309.4  46.4 1.47E-02 001.3 051.3  49.4 22.98328 19.72015 14.33184 hargrave 2016-09-15 12:19:27 
TT 525 306.6  37.4 309.1  46.5 1.42E-02 001.4 051.0  49.5 21.82781 22.68578 20.44361 hargrave 2016-09-19 18:41:53 
TT 550 305.6  37.0 308.0  46.1 1.35E-02 002.8 049.7  49.3 46.56594 46.57868 15.07916 hargrave 2016-09-22 17:38:28 
TT 560 306.3  37.3 308.8  46.4 1.32E-02 002.5 050.7  49.4 40.99872 38.00209 18.70969 hargrave 2016-09-29 11:25:29 
TT 570 306.7  37.2 309.3  46.3 1.25E-02 001.7 051.1  49.3 22.88518 27.39823 13.59236 hargrave 2016-10-03 18:15:23 
TT 575 305.6  37.5 308.0  46.6 1.21E-02 001.7 049.9  49.8 24.01130 23.18097 16.46073 hargrave 2016-10-08 15:18:36 
TT 575 304.2  37.1 306.3  46.3 1.22E-02 001.6 048.0  49.7 24.28902 20.39276 13.99344 hargrave 2016-10-10 17:09:37 
TT 580 305.3  37.0 307.6  46.1 1.16E-02 001.7 049.3  49.4 28.09136 19.29214 10.02118 hargrave 2016-10-20 13:02:13 
TT 595 307.5  37.8 310.2  46.9 1.02E-02 001.8 052.3  49.7 27.56447 15.70692 14.99028 hargrave 2016-10-25 00:56:43 
TT 610 306.0  37.1 308.4  46.2 8.73E-03 001.4 050.2  49.3 16.54103 14.18763 4.626182 hargrave 2016-11-07 11:19:31 
TT 625 304.6  38.4 306.9  47.6 3.10E-03 001.8 049.1  50.9 8.260861 5.732336 2.298159 hargrave 2016-11-08 12:40:45 
TT 640 305.4  39.6 307.9  48.8 2.74E-03 001.4 050.6  51.9 4.718852 5.091276 2.612477 hargrave 2016-11-09 11:42:46 
TT 655 304.3  39.1 306.6  48.3 2.53E-03 003.4 049.1  51.6 11.68870 9.489676 1.792262 hargrave 2016-11-10 12:26:52 
TT 665 305.2  38.9 307.6  48.1 2.30E-03 001.6 050.0  51.3 5.073354 4.030430 1.356639 hargrave 2016-11-11 13:22:12 
TT 675 306.8  40.0 309.6  49.1 2.13E-03 001.7 052.5  51.9 5.558539 3.554742 1.530676 hargrave 2016-11-14 20:43:14 
TT 680 303.4  39.9 305.6  49.1 1.55E-03 001.5 048.3  52.6 2.745879 3.284480 1.198164 hargrave 2016-11-15 19:32:56 
