GB6- 6a sun compass orientation
  82.45  15.8  65.0  20.7   9.5   1.0
NRM    311.3  34.8 314.2  43.6 1.08E-02 002.4 119.9  66.0 39.36442 20.42805 13.23745 hargrave 2016-08-17 17:43:54 
NRM    311.1  34.6 314.0  43.4 1.08E-02 002.3 119.6  66.1 36.38184 19.83390 12.83755 hargrave 2016-08-17 20:31:04 
LN2    311.3  33.9 314.1  42.7 1.03E-02 002.7 117.9  66.2 42.25515 18.69433 13.55699 hargrave 2016-08-19 19:21:45 
TT 100 311.2  35.2 314.1  44.1 1.02E-02 002.3 121.1  65.9 37.20158 16.49746 13.09768 hargrave 2016-08-26 14:42:53 
TT 200 310.7  35.1 313.5  43.9 9.73E-03 003.1 121.0  66.3 48.83712 15.15848 11.85258 hargrave 2016-08-31 18:46:00 
TT 300 311.2  33.7 314.0  42.6 8.76E-03 002.2 117.5  66.3 28.44477 14.43031 10.13953 hargrave 2016-09-01 16:14:04 
TT 350 311.1  34.3 313.9  43.1 8.44E-03 002.7 118.9  66.2 36.55084 12.61398 9.946495 hargrave 2016-09-02 15:37:24 
TT 400 310.0  34.9 312.7  43.7 8.15E-03 002.1 121.0  66.9 24.34799 14.58562 10.06534 hargrave 2016-09-08 11:29:27 
TT 425 310.0  34.1 312.7  42.9 7.93E-03 001.9 119.0  67.1 21.06679 13.03229 9.879235 hargrave 2016-09-09 09:23:10 
TT 450 310.3  34.4 313.0  43.3 7.75E-03 001.6 119.6  66.8 14.77234 14.93528 8.070618 hargrave 2016-09-12 11:37:51 
TT 475 310.2  34.5 312.9  43.4 7.55E-03 002.0 119.9  66.9 21.19152 12.96375 9.700270 hargrave 2016-09-12 22:25:39 
TT 500 309.9  34.8 312.7  43.7 7.45E-03 001.5 120.9  67.0 13.81331 12.15053 8.289339 hargrave 2016-09-15 12:18:10 
TT 525 310.1  34.5 312.8  43.4 7.16E-03 001.6 120.0  66.9 14.03635 13.35249 10.60219 hargrave 2016-09-19 18:40:18 
TT 550 310.3  34.7 313.1  43.6 6.83E-03 001.8 120.5  66.7 14.02198 14.42513 7.239872 hargrave 2016-09-22 17:36:47 
TT 560 310.3  34.8 313.1  43.6 6.70E-03 001.7 120.5  66.7 13.25745 12.13881 8.749406 hargrave 2016-09-29 11:22:55 
TT 570 309.9  35.2 312.7  44.1 6.40E-03 001.8 121.8  66.8 12.92051 14.46255 7.256735 hargrave 2016-10-03 18:13:56 
TT 575 309.8  35.6 312.6  44.5 6.23E-03 001.8 122.9  66.8 14.47782 12.80208 6.242125 hargrave 2016-10-08 15:16:16 
TT 575 310.8  34.4 313.6  43.2 6.25E-03 002.0 119.3  66.5 15.10281 16.10016 5.343095 hargrave 2016-10-10 17:07:58 
TT 580 309.6  35.3 312.3  44.3 6.05E-03 001.7 122.4  67.1 12.32417 11.26477 6.393106 hargrave 2016-10-20 12:58:40 
TT 595 309.7  35.6 312.4  44.6 5.48E-03 001.9 123.1  66.9 15.06707 9.746562 7.707781 hargrave 2016-10-25 00:54:16 
TT 610 310.1  35.4 313.0  44.2 4.47E-03 001.5 122.0  66.6 8.750745 7.828800 2.942337 hargrave 2016-11-07 11:16:08 
TT 625 310.2  35.8 313.1  44.7 3.28E-03 001.7 123.2  66.4 6.233104 7.082127 2.540212 hargrave 2016-11-08 12:39:17 
TT 640 309.8  35.7 312.6  44.6 3.05E-03 001.6 123.0  66.8 6.032234 5.858647 3.077341 hargrave 2016-11-09 11:41:15 
TT 655 310.3  35.7 313.2  44.6 2.90E-03 001.6 122.7  66.4 6.044899 5.425335 2.349725 hargrave 2016-11-10 12:23:32 
TT 665 309.4  36.8 312.3  45.7 2.70E-03 001.7 126.0  66.6 6.237246 4.866321 2.011678 hargrave 2016-11-11 13:19:54 
TT 675 310.0  36.7 312.9  45.6 2.50E-03 001.6 125.3  66.3 5.102065 5.101144 1.281210 hargrave 2016-11-14 20:41:47 
TT 680 309.9  36.2 312.8  45.1 2.23E-03 001.5 124.2  66.5 4.170888 4.214873 2.043044 hargrave 2016-11-15 19:28:21 
