GB6- 4a sun compass orientation
  82.45 352.0   9.0  20.7   9.5   1.0
NRM    311.3  39.6 314.9  48.4 7.62E-03 002.1 055.9  45.1 20.18340 13.56277 14.60995 hargrave 2016-08-17 17:40:55 
NRM    311.0  39.6 314.5  48.4 7.62E-03 002.0 055.6  45.1 18.23669 14.42603 15.06689 hargrave 2016-08-17 20:28:04 
LN2    309.6  39.4 312.9  48.3 7.46E-03 002.4 054.0  45.1 19.07164 16.63871 19.68080 hargrave 2016-08-19 19:17:56 
TT 100 312.6  39.6 316.3  48.3 7.43E-03 001.9 057.2  44.9 19.80906 10.15905 12.89406 hargrave 2016-08-26 14:39:54 
TT 200 312.8  39.0 316.5  47.7 6.86E-03 002.0 057.3  44.3 11.63646 14.42682 15.09594 hargrave 2016-08-31 18:42:54 
TT 300 312.1  38.4 315.5  47.2 6.09E-03 002.0 056.4  43.8 10.64765 14.28715 11.82710 hargrave 2016-09-01 16:10:55 
TT 350 312.1  38.3 315.5  47.1 5.79E-03 001.8 056.4  43.7 9.910755 11.32568 10.74092 hargrave 2016-09-02 15:33:24 
TT 400 311.4  39.1 314.8  47.9 5.37E-03 001.4 055.8  44.6 8.785672 6.501115 7.581831 hargrave 2016-09-08 11:26:13 
TT 425 310.3  39.2 313.6  48.1 5.16E-03 001.6 054.7  44.8 8.951404 8.050302 8.207630 hargrave 2016-09-08 17:35:35 
TT 450 312.3  38.7 315.9  47.4 4.92E-03 001.6 056.7  44.0 9.521644 8.713371 4.599359 hargrave 2016-09-12 11:34:48 
TT 475 311.0  38.6 314.3  47.4 4.65E-03 002.0 055.3  44.1 13.23227 9.094082 4.581188 hargrave 2016-09-12 22:22:36 
TT 500 314.1  39.1 318.0  47.7 4.39E-03 001.9 058.7  44.3 11.55341 7.582135 5.212938 hargrave 2016-09-15 12:15:41 
TT 525 312.0  39.0 315.5  47.8 4.03E-03 001.7 056.4  44.4 7.786064 7.338473 5.269912 hargrave 2016-09-19 18:36:12 
TT 550 312.1  39.1 315.6  47.8 3.60E-03 003.1 056.5  44.5 15.87130 10.47220 5.038471 hargrave 2016-09-22 17:33:34 
TT 560 310.2  38.4 313.4  47.3 3.41E-03 002.4 054.4  44.0 10.80449 8.235842 4.858213 hargrave 2016-09-29 11:19:37 
TT 570 312.8  38.7 316.4  47.4 3.16E-03 001.9 057.2  44.0 6.387511 7.753348 3.430835 hargrave 2016-10-03 18:10:02 
TT 575 310.8  39.1 314.2  47.9 3.00E-03 002.5 055.2  44.7 10.04668 7.970513 3.884088 hargrave 2016-10-08 15:11:10 
TT 575 312.5  39.3 316.1  48.0 3.01E-03 001.6 057.1  44.6 5.880366 5.007458 3.629005 hargrave 2016-10-10 17:02:31 
TT 580 313.5  38.5 317.2  47.1 2.87E-03 002.5 058.0  43.7 9.278300 8.781338 2.069290 hargrave 2016-10-20 12:55:35 
TT 595 312.8  39.8 316.6  48.5 2.50E-03 002.1 057.5  45.1 5.040027 6.479803 4.142126 hargrave 2016-10-25 00:51:08 
TT 610 312.3  38.9 315.9  47.6 1.99E-03 002.4 056.8  44.2 6.492387 5.130358 1.371023 hargrave 2016-11-07 11:13:10 
TT 625 313.4  39.4 317.2  48.0 1.42E-03 001.4 058.0  44.6 2.343273 2.597963 1.087385 hargrave 2016-11-08 12:36:18 
TT 640 311.1  39.3 314.6  48.1 1.14E-03 002.0 055.6  44.8 2.523814 3.254309 1.056486 hargrave 2016-11-09 11:38:11 
TT 655 309.5  40.0 312.8  48.9 9.81E-04 001.8 054.0  45.7 2.276482 1.830834 1.060864 hargrave 2016-11-10 12:17:57 
TT 665 310.5  40.4 314.0  49.2 7.25E-04 001.9 055.2  46.0 1.740859 1.627843 0.489611 hargrave 2016-11-11 13:16:55 
TT 675 312.6  39.9 316.4  48.6 5.31E-04 003.5 057.3  45.2 2.423108 2.279118 0.321927 hargrave 2016-11-14 20:38:49 
TT 680 309.3  40.8 312.7  49.7 4.46E-04 001.8 054.0  46.5 1.241225 0.737564 0.433688 hargrave 2016-11-15 19:25:24 
